排名,詞彙,出現次數
1,夢去迷發白每,2
2,去迷發白每慚,2
3,迷發白每慚清,2
4,發白每慚清鑒,2
5,白每慚清鑒啟,2
6,念飄然不可留,2
7,維舟蘆荻岸離,1
8,舟蘆荻岸離恨,1
9,蘆荻岸離恨若,1
10,荻岸離恨若為,1
11,岸離恨若為寬,1
12,離恨若為寬煙,1
13,恨若為寬煙火,1
14,若為寬煙火人,1
15,為寬煙火人家,1
16,寬煙火人家遠,1
17,煙火人家遠汀,1
18,火人家遠汀洲,1
19,人家遠汀洲暮,1
20,家遠汀洲暮雨,1
21,遠汀洲暮雨寒,1
22,汀洲暮雨寒天,1
23,洲暮雨寒天涯,1
24,暮雨寒天涯孤,1
25,雨寒天涯孤夢,1
26,寒天涯孤夢去,1
27,天涯孤夢去篷,1
28,涯孤夢去篷底,1
29,孤夢去篷底一,1
30,夢去篷底一燈,1
31,去篷底一燈殘,1
32,篷底一燈殘不,1
33,底一燈殘不是,1
34,一燈殘不是憑,1
35,燈殘不是憑騷,1
36,殘不是憑騷雅,1
37,不是憑騷雅相,1
38,是憑騷雅相思,1
39,憑騷雅相思寫,1
40,騷雅相思寫亦,1
41,雅相思寫亦難,1
42,相思寫亦難青,1
43,思寫亦難青春,1
44,寫亦難青春終,1
45,亦難青春終日,1
46,難青春終日雨,1
47,青春終日雨公,1
48,春終日雨公子,1
49,終日雨公子莫,1
50,日雨公子莫思,1
51,雨公子莫思晴,1
52,公子莫思晴任,1
53,子莫思晴任阻,1
54,莫思晴任阻西,1
55,思晴任阻西園,1
56,晴任阻西園會,1
57,任阻西園會且,1
58,阻西園會且觀,1
59,西園會且觀南,1
60,園會且觀南畝,1
61,會且觀南畝耕,1
62,且觀南畝耕最,1
63,觀南畝耕最憐,1
64,南畝耕最憐滋,1
65,畝耕最憐滋壟,1
66,耕最憐滋壟麥,1
67,最憐滋壟麥不,1
68,憐滋壟麥不恨,1
69,滋壟麥不恨濕,1
70,壟麥不恨濕林,1
71,麥不恨濕林鶯,1
72,不恨濕林鶯父,1
73,恨濕林鶯父老,1
74,濕林鶯父老應,1
75,林鶯父老應相,1
76,鶯父老應相賀,1
77,父老應相賀豐,1
78,老應相賀豐年,1
79,應相賀豐年兆,1
80,相賀豐年兆已,1
81,賀豐年兆已成,1
82,豐年兆已成仙,1
83,年兆已成仙壇,1
84,兆已成仙壇遺,1
85,已成仙壇遺跡,1
86,成仙壇遺跡在,1
87,仙壇遺跡在苔,1
88,壇遺跡在苔合,1
89,遺跡在苔合落,1
90,跡在苔合落花,1
91,在苔合落花明,1
92,苔合落花明絳,1
93,合落花明絳節,1
94,落花明絳節何,1
95,花明絳節何年,1
96,明絳節何年返,1
97,絳節何年返白,1
98,節何年返白雲,1
99,何年返白雲終,1
100,年返白雲終日,1
101,返白雲終日生,1
102,白雲終日生旋,1
103,雲終日生旋新,1
104,終日生旋新芳,1
105,日生旋新芳草,1
106,生旋新芳草色,1
107,旋新芳草色依,1
108,新芳草色依舊,1
109,芳草色依舊偃,1
110,草色依舊偃松,1
111,色依舊偃松聲,1
112,依舊偃松聲欲,1
113,舊偃松聲欲問,1
114,偃松聲欲問希,1
115,松聲欲問希夷,1
116,聲欲問希夷事,1
117,欲問希夷事音,1
118,問希夷事音塵,1
119,希夷事音塵隔,1
120,夷事音塵隔上,1
121,事音塵隔上清,1
122,音塵隔上清閑,1
123,塵隔上清閑來,1
124,隔上清閑來仙,1
125,上清閑來仙觀,1
126,清閑來仙觀問,1
127,閑來仙觀問希,1
128,來仙觀問希夷,1
129,仙觀問希夷雲,1
130,觀問希夷雲滿,1
131,問希夷雲滿星,1
132,希夷雲滿星壇,1
133,夷雲滿星壇水,1
134,雲滿星壇水滿,1
135,滿星壇水滿池,1
136,星壇水滿池羽,1
137,壇水滿池羽客,1
138,水滿池羽客不,1
139,滿池羽客不知,1
140,池羽客不知何,1
141,羽客不知何處,1
142,客不知何處去,1
143,不知何處去洞,1
144,知何處去洞前,1
145,何處去洞前花,1
146,處去洞前花落,1
147,去洞前花落立,1
148,洞前花落立多,1
149,前花落立多時,1
150,花落立多時鶴,1
151,落立多時鶴氅,1
152,立多時鶴氅換,1
153,多時鶴氅換朝,1
154,時鶴氅換朝服,1
155,鶴氅換朝服逍,1
156,氅換朝服逍遙,1
157,換朝服逍遙雲,1
158,朝服逍遙雲水,1
159,服逍遙雲水鄉,1
160,逍遙雲水鄉有,1
161,遙雲水鄉有時,1
162,雲水鄉有時乘,1
163,水鄉有時乘一,1
164,鄉有時乘一葉,1
165,有時乘一葉載,1
166,時乘一葉載酒,1
167,乘一葉載酒入,1
168,一葉載酒入三,1
169,葉載酒入三湘,1
170,載酒入三湘塵,1
171,酒入三湘塵夢,1
172,入三湘塵夢年,1
173,三湘塵夢年來,1
174,湘塵夢年來息,1
175,塵夢年來息詩,1
176,夢年來息詩魔,1
177,年來息詩魔老,1
178,來息詩魔老亦,1
179,息詩魔老亦狂,1
180,詩魔老亦狂蓴,1
181,魔老亦狂蓴羹,1
182,老亦狂蓴羹與,1
183,亦狂蓴羹與鱸,1
184,狂蓴羹與鱸膾,1
185,蓴羹與鱸膾秋,1
186,羹與鱸膾秋興,1
187,與鱸膾秋興最,1
188,鱸膾秋興最宜,1
189,膾秋興最宜長,1
190,秋興最宜長行,1
191,興最宜長行杯,1
192,最宜長行杯酌,1
193,宜長行杯酌罷,1
194,長行杯酌罷歌,1
195,行杯酌罷歌聲,1
196,杯酌罷歌聲歇,1
197,酌罷歌聲歇不,1
198,罷歌聲歇不覺,1
199,歌聲歇不覺前,1
200,聲歇不覺前汀,1
201,歇不覺前汀月,1
202,不覺前汀月又,1
203,覺前汀月又生,1
204,前汀月又生自,1
205,汀月又生自是,1
206,月又生自是離,1
207,又生自是離人,1
208,生自是離人魂,1
209,自是離人魂易,1
210,是離人魂易斷,1
211,離人魂易斷落,1
212,人魂易斷落花,1
213,魂易斷落花芳,1
214,易斷落花芳草,1
215,斷落花芳草本,1
216,落花芳草本無,1
217,花芳草本無情,1
218,芳草本無情松,1
219,草本無情松桂,1
220,本無情松桂煙,1
221,無情松桂煙霞,1
222,情松桂煙霞蔽,1
223,松桂煙霞蔽梵,1
224,桂煙霞蔽梵宮,1
225,煙霞蔽梵宮詩,1
226,霞蔽梵宮詩流,1
227,蔽梵宮詩流閑,1
228,梵宮詩流閑去,1
229,宮詩流閑去訪,1
230,詩流閑去訪支,1
231,流閑去訪支公,1
232,閑去訪支公石,1
233,去訪支公石堂,1
234,訪支公石堂磬,1
235,支公石堂磬斷,1
236,公石堂磬斷相,1
237,石堂磬斷相逢,1
238,堂磬斷相逢夜,1
239,磬斷相逢夜五,1
240,斷相逢夜五老,1
241,相逢夜五老月,1
242,逢夜五老月生,1
243,夜五老月生溪,1
244,五老月生溪影,1
245,老月生溪影空,1
246,月生溪影空絕,1
247,生溪影空絕頂,1
248,溪影空絕頂松,1
249,影空絕頂松堂,1
250,空絕頂松堂喜,1
251,絕頂松堂喜暫,1
252,頂松堂喜暫遊,1
253,松堂喜暫遊一,1
254,堂喜暫遊一宵,1
255,喜暫遊一宵玄,1
256,暫遊一宵玄論,1
257,遊一宵玄論接,1
258,一宵玄論接浮,1
259,宵玄論接浮丘,1
260,玄論接浮丘雲,1
261,論接浮丘雲開,1
262,接浮丘雲開碧,1
263,浮丘雲開碧落,1
264,丘雲開碧落星,1
265,雲開碧落星河,1
266,開碧落星河近,1
267,碧落星河近月,1
268,落星河近月出,1
269,星河近月出滄,1
270,河近月出滄溟,1
271,近月出滄溟世,1
272,月出滄溟世界,1
273,出滄溟世界秋,1
274,滄溟世界秋塵,1
275,溟世界秋塵裏,1
276,世界秋塵裏年,1
277,界秋塵裏年光,1
278,秋塵裏年光何,1
279,塵裏年光何急,1
280,裏年光何急急,1
281,年光何急急夢,1
282,光何急急夢中,1
283,何急急夢中強,1
284,急急夢中強弱,1
285,急夢中強弱自,1
286,夢中強弱自悠,1
287,中強弱自悠悠,1
288,強弱自悠悠他,1
289,弱自悠悠他時,1
290,自悠悠他時書,1
291,悠悠他時書劍,1
292,悠他時書劍酬,1
293,他時書劍酬恩,1
294,時書劍酬恩了,1
295,書劍酬恩了願,1
296,劍酬恩了願逐,1
297,酬恩了願逐鸞,1
298,恩了願逐鸞車,1
299,了願逐鸞車看,1
300,願逐鸞車看十,1
301,逐鸞車看十洲,1
302,鸞車看十洲悠,1
303,車看十洲悠悠,1
304,看十洲悠悠旅,1
305,十洲悠悠旅宦,1
306,洲悠悠旅宦役,1
307,悠悠旅宦役塵,1
308,悠旅宦役塵埃,1
309,旅宦役塵埃舊,1
310,宦役塵埃舊業,1
311,役塵埃舊業那,1
312,塵埃舊業那堪,1
313,埃舊業那堪信,1
314,舊業那堪信未,1
315,業那堪信未回,1
316,那堪信未回千,1
317,堪信未回千里,1
318,信未回千里夢,1
319,未回千里夢隨,1
320,回千里夢隨殘,1
321,千里夢隨殘月,1
322,里夢隨殘月斷,1
323,夢隨殘月斷一,1
324,隨殘月斷一聲,1
325,殘月斷一聲蟬,1
326,月斷一聲蟬送,1
327,斷一聲蟬送早,1
328,一聲蟬送早秋,1
329,聲蟬送早秋來,1
330,蟬送早秋來壺,1
331,送早秋來壺傾,1
332,早秋來壺傾濁,1
333,秋來壺傾濁酒,1
334,來壺傾濁酒終,1
335,壺傾濁酒終難,1
336,傾濁酒終難醉,1
337,濁酒終難醉匣,1
338,酒終難醉匣鎖,1
339,終難醉匣鎖青,1
340,難醉匣鎖青萍,1
341,醉匣鎖青萍久,1
342,匣鎖青萍久不,1
343,鎖青萍久不開,1
344,青萍久不開唯,1
345,萍久不開唯有,1
346,久不開唯有搜,1
347,不開唯有搜吟,1
348,開唯有搜吟遣,1
349,唯有搜吟遣懷,1
350,有搜吟遣懷抱,1
351,搜吟遣懷抱涼,1
352,吟遣懷抱涼風,1
353,遣懷抱涼風時,1
354,懷抱涼風時複,1
355,抱涼風時複上,1
356,涼風時複上高,1
357,風時複上高臺,1
358,時複上高臺幽,1
359,複上高臺幽人,1
360,上高臺幽人棲,1
361,高臺幽人棲息,1
362,臺幽人棲息處,1
363,幽人棲息處一,1
364,人棲息處一到,1
365,棲息處一到滌,1
366,息處一到滌塵,1
367,處一到滌塵心,1
368,一到滌塵心蘚,1
369,到滌塵心蘚色,1
370,滌塵心蘚色花,1
371,塵心蘚色花陰,1
372,心蘚色花陰闊,1
373,蘚色花陰闊棋,1
374,色花陰闊棋聲,1
375,花陰闊棋聲竹,1
376,陰闊棋聲竹徑,1
377,闊棋聲竹徑深,1
378,棋聲竹徑深籬,1
379,聲竹徑深籬根,1
380,竹徑深籬根眠,1
381,徑深籬根眠野,1
382,深籬根眠野鹿,1
383,籬根眠野鹿池,1
384,根眠野鹿池面,1
385,眠野鹿池面戲,1
386,野鹿池面戲江,1
387,鹿池面戲江禽,1
388,池面戲江禽多,1
389,面戲江禽多謝,1
390,戲江禽多謝相,1
391,江禽多謝相留,1
392,禽多謝相留宿,1
393,多謝相留宿開,1
394,謝相留宿開樽,1
395,相留宿開樽拂,1
396,留宿開樽拂素,1
397,宿開樽拂素琴,1
398,開樽拂素琴嶽,1
399,樽拂素琴嶽寺,1
400,拂素琴嶽寺棲,1
401,素琴嶽寺棲瓶,1
402,琴嶽寺棲瓶錫,1
403,嶽寺棲瓶錫常,1
404,寺棲瓶錫常人,1
405,棲瓶錫常人親,1
406,瓶錫常人親亦,1
407,錫常人親亦難,1
408,常人親亦難病,1
409,人親亦難病披,1
410,親亦難病披青,1
411,亦難病披青衲,1
412,難病披青衲重,1
413,病披青衲重晚,1
414,披青衲重晚剃,1
415,青衲重晚剃白,1
416,衲重晚剃白髭,1
417,重晚剃白髭寒,1
418,晚剃白髭寒烘,1
419,剃白髭寒烘壁,1
420,白髭寒烘壁茶,1
421,髭寒烘壁茶煙,1
422,寒烘壁茶煙暗,1
423,烘壁茶煙暗填,1
424,壁茶煙暗填溝,1
425,茶煙暗填溝木,1
426,煙暗填溝木葉,1
427,暗填溝木葉幹,1
428,填溝木葉幹昔,1
429,溝木葉幹昔年,1
430,木葉幹昔年皆,1
431,葉幹昔年皆禮,1
432,幹昔年皆禮謁,1
433,昔年皆禮謁頻,1
434,年皆禮謁頻到,1
435,皆禮謁頻到碧,1
436,禮謁頻到碧雲,1
437,謁頻到碧雲端,1
438,頻到碧雲端其,1
439,到碧雲端其誰,1
440,碧雲端其誰肯,1
441,雲端其誰肯見,1
442,端其誰肯見尋,1
443,其誰肯見尋冷,1
444,誰肯見尋冷淡,1
445,肯見尋冷淡少,1
446,見尋冷淡少知,1
447,尋冷淡少知音,1
448,冷淡少知音塵,1
449,淡少知音塵土,1
450,少知音塵土侵,1
451,知音塵土侵閑,1
452,音塵土侵閑榻,1
453,塵土侵閑榻煙,1
454,土侵閑榻煙波,1
455,侵閑榻煙波隔,1
456,閑榻煙波隔故,1
457,榻煙波隔故林,1
458,煙波隔故林竹,1
459,波隔故林竹風,1
460,隔故林竹風醒,1
461,故林竹風醒晚,1
462,林竹風醒晚醉,1
463,竹風醒晚醉窗,1
464,風醒晚醉窗月,1
465,醒晚醉窗月伴,1
466,晚醉窗月伴秋,1
467,醉窗月伴秋吟,1
468,窗月伴秋吟道,1
469,月伴秋吟道在,1
470,伴秋吟道在唯,1
471,秋吟道在唯求,1
472,吟道在唯求己,1
473,道在唯求己明,1
474,在唯求己明時,1
475,唯求己明時豈,1
476,求己明時豈陸,1
477,己明時豈陸沈,1
478,明時豈陸沈閑,1
479,時豈陸沈閑思,1
480,豈陸沈閑思王,1
481,陸沈閑思王道,1
482,沈閑思王道者,1
483,閑思王道者逸,1
484,思王道者逸格,1
485,王道者逸格世,1
486,道者逸格世難,1
487,者逸格世難群,1
488,逸格世難群何,1
489,格世難群何處,1
490,世難群何處眠,1
491,難群何處眠青,1
492,群何處眠青嶂,1
493,何處眠青嶂從,1
494,處眠青嶂從來,1
495,眠青嶂從來愛,1
496,青嶂從來愛白,1
497,嶂從來愛白雲,1
498,從來愛白雲酒,1
499,來愛白雲酒沽,1
500,愛白雲酒沽應,1
501,白雲酒沽應獨,1
502,雲酒沽應獨醉,1
503,酒沽應獨醉藥,1
504,沽應獨醉藥熟,1
505,應獨醉藥熟許,1
506,獨醉藥熟許誰,1
507,醉藥熟許誰分,1
508,藥熟許誰分正,1
509,熟許誰分正作,1
510,許誰分正作趨,1
511,誰分正作趨名,1
512,分正作趨名計,1
513,正作趨名計如,1
514,作趨名計如何,1
515,趨名計如何得,1
516,名計如何得見,1
517,計如何得見君,1
518,如何得見君只,1
519,何得見君只應,1
520,得見君只應紅,1
521,見君只應紅杏,1
522,君只應紅杏是,1
523,只應紅杏是知,1
524,應紅杏是知音,1
525,紅杏是知音灼,1
526,杏是知音灼灼,1
527,是知音灼灼偏,1
528,知音灼灼偏宜,1
529,音灼灼偏宜間,1
530,灼灼偏宜間竹,1
531,灼偏宜間竹陰,1
532,偏宜間竹陰幾,1
533,宜間竹陰幾樹,1
534,間竹陰幾樹半,1
535,竹陰幾樹半開,1
536,陰幾樹半開金,1
537,幾樹半開金穀,1
538,樹半開金穀曉,1
539,半開金穀曉一,1
540,開金穀曉一溪,1
541,金穀曉一溪齊,1
542,穀曉一溪齊綻,1
543,曉一溪齊綻武,1
544,一溪齊綻武陵,1
545,溪齊綻武陵深,1
546,齊綻武陵深豔,1
547,綻武陵深豔舒,1
548,武陵深豔舒百,1
549,陵深豔舒百葉,1
550,深豔舒百葉時,1
551,豔舒百葉時皆,1
552,舒百葉時皆重,1
553,百葉時皆重子,1
554,葉時皆重子熟,1
555,時皆重子熟千,1
556,皆重子熟千年,1
557,重子熟千年事,1
558,子熟千年事莫,1
559,熟千年事莫尋,1
560,千年事莫尋誰,1
561,年事莫尋誰步,1
562,事莫尋誰步宋,1
563,莫尋誰步宋牆,1
564,尋誰步宋牆明,1
565,誰步宋牆明月,1
566,步宋牆明月下,1
567,宋牆明月下好,1
568,牆明月下好香,1
569,明月下好香和,1
570,月下好香和影,1
571,下好香和影上,1
572,好香和影上衣,1
573,香和影上衣襟,1
574,和影上衣襟長,1
575,影上衣襟長憶,1
576,上衣襟長憶銜,1
577,衣襟長憶銜杯,1
578,襟長憶銜杯處,1
579,長憶銜杯處酕,1
580,憶銜杯處酕醄,1
581,銜杯處酕醄尚,1
582,杯處酕醄尚未,1
583,處酕醄尚未闌,1
584,酕醄尚未闌江,1
585,醄尚未闌江南,1
586,尚未闌江南正,1
587,未闌江南正煙,1
588,闌江南正煙雨,1
589,江南正煙雨樓,1
590,南正煙雨樓上,1
591,正煙雨樓上恰,1
592,煙雨樓上恰春,1
593,雨樓上恰春寒,1
594,樓上恰春寒好,1
595,上恰春寒好樹,1
596,恰春寒好樹藏,1
597,春寒好樹藏鶯,1
598,寒好樹藏鶯密,1
599,好樹藏鶯密平,1
600,樹藏鶯密平蕪,1
601,藏鶯密平蕪徹,1
602,鶯密平蕪徹野,1
603,密平蕪徹野寬,1
604,平蕪徹野寬如,1
605,蕪徹野寬如今,1
606,徹野寬如今無,1
607,野寬如今無處,1
608,寬如今無處覓,1
609,如今無處覓音,1
610,今無處覓音信,1
611,無處覓音信隔,1
612,處覓音信隔波,1
613,覓音信隔波瀾,1
614,音信隔波瀾暫,1
615,信隔波瀾暫別,1
616,隔波瀾暫別廟,1
617,波瀾暫別廟堂,1
618,瀾暫別廟堂上,1
619,暫別廟堂上雄,1
620,別廟堂上雄藩,1
621,廟堂上雄藩去,1
622,堂上雄藩去豁,1
623,上雄藩去豁情,1
624,雄藩去豁情秋,1
625,藩去豁情秋風,1
626,去豁情秋風生,1
627,豁情秋風生雁,1
628,情秋風生雁渚,1
629,秋風生雁渚晚,1
630,風生雁渚晚霧,1
631,生雁渚晚霧濕,1
632,雁渚晚霧濕龍,1
633,渚晚霧濕龍旌,1
634,晚霧濕龍旌吟,1
635,霧濕龍旌吟裏,1
636,濕龍旌吟裏過,1
637,龍旌吟裏過侯,1
638,旌吟裏過侯服,1
639,吟裏過侯服夢,1
640,裏過侯服夢中,1
641,過侯服夢中歸,1
642,侯服夢中歸帝,1
643,服夢中歸帝城,1
644,夢中歸帝城下,1
645,中歸帝城下車,1
646,歸帝城下車軍,1
647,帝城下車軍庶,1
648,城下車軍庶樂,1
649,下車軍庶樂千,1
650,車軍庶樂千里,1
651,軍庶樂千里月,1
652,庶樂千里月華,1
653,樂千里月華清,1
654,千里月華清闔,1
655,里月華清闔閭,1
656,月華清闔閭興,1
657,華清闔閭興霸,1
658,清闔閭興霸日,1
659,闔閭興霸日繁,1
660,閭興霸日繁盛,1
661,興霸日繁盛複,1
662,霸日繁盛複風,1
663,日繁盛複風流,1
664,繁盛複風流歌,1
665,盛複風流歌舞,1
666,複風流歌舞一,1
667,風流歌舞一場,1
668,流歌舞一場夢,1
669,歌舞一場夢煙,1
670,舞一場夢煙波,1
671,一場夢煙波千,1
672,場夢煙波千古,1
673,夢煙波千古愁,1
674,煙波千古愁樵,1
675,波千古愁樵人,1
676,千古愁樵人歸,1
677,古愁樵人歸野,1
678,愁樵人歸野徑,1
679,樵人歸野徑漁,1
680,人歸野徑漁笛,1
681,歸野徑漁笛起,1
682,野徑漁笛起扁,1
683,徑漁笛起扁舟,1
684,漁笛起扁舟觸,1
685,笛起扁舟觸目,1
686,起扁舟觸目牽,1
687,扁舟觸目牽傷,1
688,舟觸目牽傷感,1
689,觸目牽傷感將,1
690,目牽傷感將行,1
691,牽傷感將行又,1
692,傷感將行又駐,1
693,感將行又駐留,1
694,將行又駐留蘇,1
695,行又駐留蘇台,1
696,又駐留蘇台蹤,1
697,駐留蘇台蹤跡,1
698,留蘇台蹤跡在,1
699,蘇台蹤跡在曠,1
700,台蹤跡在曠望,1
701,蹤跡在曠望向,1
702,跡在曠望向江,1
703,在曠望向江濱,1
704,曠望向江濱往,1
705,望向江濱往事,1
706,向江濱往事誰,1
707,江濱往事誰堪,1
708,濱往事誰堪問,1
709,往事誰堪問連,1
710,事誰堪問連空,1
711,誰堪問連空草,1
712,堪問連空草自,1
713,問連空草自春,1
714,連空草自春花,1
715,空草自春花疑,1
716,草自春花疑西,1
717,自春花疑西子,1
718,春花疑西子臉,1
719,花疑西子臉濤,1
720,疑西子臉濤想,1
721,西子臉濤想伍,1
722,子臉濤想伍胥,1
723,臉濤想伍胥神,1
724,濤想伍胥神吟,1
725,想伍胥神吟盡,1
726,伍胥神吟盡情,1
727,胥神吟盡情難,1
728,神吟盡情難盡,1
729,吟盡情難盡斜,1
730,盡情難盡斜陽,1
731,情難盡斜陽照,1
732,難盡斜陽照路,1
733,盡斜陽照路塵,1
734,斜陽照路塵致,1
735,陽照路塵致主,1
736,照路塵致主嘉,1
737,路塵致主嘉謀,1
738,塵致主嘉謀尚,1
739,致主嘉謀尚未,1
740,主嘉謀尚未伸,1
741,嘉謀尚未伸慨,1
742,謀尚未伸慨然,1
743,尚未伸慨然深,1
744,未伸慨然深志,1
745,伸慨然深志與,1
746,慨然深志與誰,1
747,然深志與誰論,1
748,深志與誰論喚,1
749,志與誰論喚回,1
750,與誰論喚回古,1
751,誰論喚回古意,1
752,論喚回古意琴,1
753,喚回古意琴開,1
754,回古意琴開匣,1
755,古意琴開匣陶,1
756,意琴開匣陶出,1
757,琴開匣陶出真,1
758,開匣陶出真情,1
759,匣陶出真情酒,1
760,陶出真情酒滿,1
761,出真情酒滿樽,1
762,真情酒滿樽明,1
763,情酒滿樽明月,1
764,酒滿樽明月過,1
765,滿樽明月過溪,1
766,樽明月過溪吟,1
767,明月過溪吟釣,1
768,月過溪吟釣艇,1
769,過溪吟釣艇落,1
770,溪吟釣艇落花,1
771,吟釣艇落花堆,1
772,釣艇落花堆席,1
773,艇落花堆席睡,1
774,落花堆席睡僧,1
775,花堆席睡僧軒,1
776,堆席睡僧軒九,1
777,席睡僧軒九重,1
778,睡僧軒九重夢,1
779,僧軒九重夢卜,1
780,軒九重夢卜時,1
781,九重夢卜時終,1
782,重夢卜時終在,1
783,夢卜時終在莫,1
784,卜時終在莫向,1
785,時終在莫向深,1
786,終在莫向深雲,1
787,在莫向深雲獨,1
788,莫向深雲獨閉,1
789,向深雲獨閉門,1
790,深雲獨閉門著,1
791,雲獨閉門著得,1
792,獨閉門著得新,1
793,閉門著得新書,1
794,門著得新書義,1
795,著得新書義更,1
796,得新書義更幽,1
797,新書義更幽負,1
798,書義更幽負琴,1
799,義更幽負琴何,1
800,更幽負琴何處,1
801,幽負琴何處不,1
802,負琴何處不遨,1
803,琴何處不遨遊,1
804,何處不遨遊玄,1
805,處不遨遊玄宮,1
806,不遨遊玄宮寄,1
807,遨遊玄宮寄宿,1
808,遊玄宮寄宿月,1
809,玄宮寄宿月華,1
810,宮寄宿月華冷,1
811,寄宿月華冷羽,1
812,宿月華冷羽客,1
813,月華冷羽客伴,1
814,華冷羽客伴吟,1
815,冷羽客伴吟松,1
816,羽客伴吟松韻,1
817,客伴吟松韻秋,1
818,伴吟松韻秋滿,1
819,吟松韻秋滿戶,1
820,松韻秋滿戶煙,1
821,韻秋滿戶煙霞,1
822,秋滿戶煙霞思,1
823,滿戶煙霞思紫,1
824,戶煙霞思紫閣,1
825,煙霞思紫閣一,1
826,霞思紫閣一帆,1
827,思紫閣一帆風,1
828,紫閣一帆風雨,1
829,閣一帆風雨憶,1
830,一帆風雨憶滄,1
831,帆風雨憶滄洲,1
832,風雨憶滄洲吾,1
833,雨憶滄洲吾君,1
834,憶滄洲吾君側,1
835,滄洲吾君側席,1
836,洲吾君側席求,1
837,吾君側席求賢,1
838,君側席求賢切,1
839,側席求賢切未,1
840,席求賢切未可,1
841,求賢切未可懸,1
842,賢切未可懸瓢,1
843,切未可懸瓢枕,1
844,未可懸瓢枕碧,1
845,可懸瓢枕碧流,1
846,懸瓢枕碧流早,1
847,瓢枕碧流早是,1
848,枕碧流早是春,1
849,碧流早是春愁,1
850,流早是春愁觸,1
851,早是春愁觸目,1
852,是春愁觸目生,1
853,春愁觸目生那,1
854,愁觸目生那堪,1
855,觸目生那堪春,1
856,目生那堪春夕,1
857,生那堪春夕酒,1
858,那堪春夕酒初,1
859,堪春夕酒初醒,1
860,春夕酒初醒貫,1
861,夕酒初醒貫珠,1
862,酒初醒貫珠聲,1
863,初醒貫珠聲罷,1
864,醒貫珠聲罷人,1
865,貫珠聲罷人歸,1
866,珠聲罷人歸去,1
867,聲罷人歸去半,1
868,罷人歸去半落,1
869,人歸去半落桃,1
870,歸去半落桃花,1
871,去半落桃花月,1
872,半落桃花月在,1
873,落桃花月在庭,1
874,桃花月在庭暮,1
875,花月在庭暮春,1
876,月在庭暮春滴,1
877,在庭暮春滴血,1
878,庭暮春滴血一,1
879,暮春滴血一聲,1
880,春滴血一聲聲,1
881,滴血一聲聲花,1
882,血一聲聲花落,1
883,一聲聲花落年,1
884,聲聲花落年年,1
885,聲花落年年不,1
886,花落年年不忍,1
887,落年年不忍聽,1
888,年年不忍聽帶,1
889,年不忍聽帶月,1
890,不忍聽帶月莫,1
891,忍聽帶月莫啼,1
892,聽帶月莫啼江,1
893,帶月莫啼江畔,1
894,月莫啼江畔樹,1
895,莫啼江畔樹酒,1
896,啼江畔樹酒醒,1
897,江畔樹酒醒遊,1
898,畔樹酒醒遊子,1
899,樹酒醒遊子在,1
900,酒醒遊子在離,1
901,醒遊子在離亭,1
902,遊子在離亭茅,1
903,子在離亭茅舍,1
904,在離亭茅舍何,1
905,離亭茅舍何寥,1
906,亭茅舍何寥落,1
907,茅舍何寥落門,1
908,舍何寥落門庭,1
909,何寥落門庭長,1
910,寥落門庭長綠,1
911,落門庭長綠蕪,1
912,門庭長綠蕪貧,1
913,庭長綠蕪貧來,1
914,長綠蕪貧來賣,1
915,綠蕪貧來賣書,1
916,蕪貧來賣書劍,1
917,貧來賣書劍病,1
918,來賣書劍病起,1
919,賣書劍病起憶,1
920,書劍病起憶江,1
921,劍病起憶江湖,1
922,病起憶江湖對,1
923,起憶江湖對枕,1
924,憶江湖對枕暮,1
925,江湖對枕暮山,1
926,湖對枕暮山碧,1
927,對枕暮山碧伴,1
928,枕暮山碧伴吟,1
929,暮山碧伴吟涼,1
930,山碧伴吟涼月,1
931,碧伴吟涼月孤,1
932,伴吟涼月孤前,1
933,吟涼月孤前賢,1
934,涼月孤前賢多,1
935,月孤前賢多晚,1
936,孤前賢多晚達,1
937,前賢多晚達莫,1
938,賢多晚達莫歎,1
939,多晚達莫歎有,1
940,晚達莫歎有霜,1
941,達莫歎有霜須,1
942,莫歎有霜須幹,1
943,歎有霜須幹祿,1
944,有霜須幹祿趨,1
945,霜須幹祿趨名,1
946,須幹祿趨名者,1
947,幹祿趨名者迢,1
948,祿趨名者迢迢,1
949,趨名者迢迢別,1
950,名者迢迢別故,1
951,者迢迢別故林,1
952,迢迢別故林春,1
953,迢別故林春風,1
954,別故林春風短,1
955,故林春風短亭,1
956,林春風短亭路,1
957,春風短亭路芳,1
958,風短亭路芳草,1
959,短亭路芳草異,1
960,亭路芳草異鄉,1
961,路芳草異鄉心,1
962,芳草異鄉心雨,1
963,草異鄉心雨過,1
964,異鄉心雨過江,1
965,鄉心雨過江山,1
966,心雨過江山出,1
967,雨過江山出鶯,1
968,過江山出鶯啼,1
969,江山出鶯啼村,1
970,山出鶯啼村落,1
971,出鶯啼村落深,1
972,鶯啼村落深未,1
973,啼村落深未知,1
974,村落深未知將,1
975,落深未知將雅,1
976,深未知將雅道,1
977,未知將雅道何,1
978,知將雅道何處,1
979,將雅道何處謝,1
980,雅道何處謝知,1
981,道何處謝知音,1
982,何處謝知音咫,1
983,處謝知音咫尺,1
984,謝知音咫尺風,1
985,知音咫尺風騷,1
986,音咫尺風騷客,1
987,咫尺風騷客難,1
988,尺風騷客難諧,1
989,風騷客難諧面,1
990,騷客難諧面繼,1
991,客難諧面繼酬,1
992,難諧面繼酬相,1
993,諧面繼酬相思,1
994,面繼酬相思對,1
995,繼酬相思對煙,1
996,酬相思對煙雨,1
997,相思對煙雨一,1
998,思對煙雨一雁,1
999,對煙雨一雁下,1
1000,煙雨一雁下汀,1
1001,雨一雁下汀洲,1
1002,一雁下汀洲花,1
1003,雁下汀洲花影,1
1004,下汀洲花影誰,1
1005,汀洲花影誰家,1
1006,洲花影誰家塢,1
1007,花影誰家塢笛,1
1008,影誰家塢笛聲,1
1009,誰家塢笛聲何,1
1010,家塢笛聲何處,1
1011,塢笛聲何處樓,1
1012,笛聲何處樓支,1
1013,聲何處樓支筇,1
1014,何處樓支筇朗,1
1015,處樓支筇朗吟,1
1016,樓支筇朗吟罷,1
1017,支筇朗吟罷搔,1
1018,筇朗吟罷搔首,1
1019,朗吟罷搔首獨,1
1020,吟罷搔首獨遲,1
1021,罷搔首獨遲留,1
1022,搔首獨遲留廬,1
1023,首獨遲留廬山,1
1024,獨遲留廬山多,1
1025,遲留廬山多勝,1
1026,留廬山多勝景,1
1027,廬山多勝景偏,1
1028,山多勝景偏稱,1
1029,多勝景偏稱二,1
1030,勝景偏稱二君,1
1031,景偏稱二君遊,1
1032,偏稱二君遊松,1
1033,稱二君遊松徑,1
1034,二君遊松徑蒼,1
1035,君遊松徑蒼苔,1
1036,遊松徑蒼苔合,1
1037,松徑蒼苔合花,1
1038,徑蒼苔合花陰,1
1039,蒼苔合花陰碧,1
1040,苔合花陰碧澗,1
1041,合花陰碧澗流,1
1042,花陰碧澗流傾,1
1043,陰碧澗流傾壺,1
1044,碧澗流傾壺同,1
1045,澗流傾壺同坐,1
1046,流傾壺同坐石,1
1047,傾壺同坐石搜,1
1048,壺同坐石搜句,1
1049,同坐石搜句共,1
1050,坐石搜句共登,1
1051,石搜句共登樓,1
1052,搜句共登樓莫,1
1053,句共登樓莫學,1
1054,共登樓莫學天,1
1055,登樓莫學天臺,1
1056,樓莫學天臺客,1
1057,莫學天臺客逢,1
1058,學天臺客逢山,1
1059,天臺客逢山即,1
1060,臺客逢山即駐,1
1061,客逢山即駐留,1
1062,逢山即駐留野,1
1063,山即駐留野外,1
1064,即駐留野外登,1
1065,駐留野外登臨,1
1066,留野外登臨望,1
1067,野外登臨望蒼,1
1068,外登臨望蒼蒼,1
1069,登臨望蒼蒼煙,1
1070,臨望蒼蒼煙景,1
1071,望蒼蒼煙景昏,1
1072,蒼蒼煙景昏暖,1
1073,蒼煙景昏暖風,1
1074,煙景昏暖風醫,1
1075,景昏暖風醫病,1
1076,昏暖風醫病草,1
1077,暖風醫病草甘,1
1078,風醫病草甘雨,1
1079,醫病草甘雨洗,1
1080,病草甘雨洗荒,1
1081,草甘雨洗荒村,1
1082,甘雨洗荒村雲,1
1083,雨洗荒村雲散,1
1084,洗荒村雲散天,1
1085,荒村雲散天邊,1
1086,村雲散天邊野,1
1087,雲散天邊野潮,1
1088,散天邊野潮回,1
1089,天邊野潮回島,1
1090,邊野潮回島上,1
1091,野潮回島上痕,1
1092,潮回島上痕故,1
1093,回島上痕故人,1
1094,島上痕故人不,1
1095,上痕故人不可,1
1096,痕故人不可見,1
1097,故人不可見倚,1
1098,人不可見倚杖,1
1099,不可見倚杖役,1
1100,可見倚杖役吟,1
1101,見倚杖役吟魂,1
1102,倚杖役吟魂閑,1
1103,杖役吟魂閑吟,1
1104,役吟魂閑吟游,1
1105,吟魂閑吟游古,1
1106,魂閑吟游古觀,1
1107,閑吟游古觀靜,1
1108,吟游古觀靜慮,1
1109,游古觀靜慮相,1
1110,古觀靜慮相神,1
1111,觀靜慮相神仙,1
1112,靜慮相神仙上,1
1113,慮相神仙上景,1
1114,相神仙上景非,1
1115,神仙上景非難,1
1116,仙上景非難度,1
1117,上景非難度陰,1
1118,景非難度陰功,1
1119,非難度陰功不,1
1120,難度陰功不易,1
1121,度陰功不易全,1
1122,陰功不易全醮,1
1123,功不易全醮壇,1
1124,不易全醮壇松,1
1125,易全醮壇松作,1
1126,全醮壇松作蓋,1
1127,醮壇松作蓋丹,1
1128,壇松作蓋丹井,1
1129,松作蓋丹井蘚,1
1130,作蓋丹井蘚成,1
1131,蓋丹井蘚成錢,1
1132,丹井蘚成錢浩,1
1133,井蘚成錢浩浩,1
1134,蘚成錢浩浩紅,1
1135,成錢浩浩紅塵,1
1136,錢浩浩紅塵裏,1
1137,浩浩紅塵裏誰,1
1138,浩紅塵裏誰來,1
1139,紅塵裏誰來叩,1
1140,塵裏誰來叩自,1
1141,裏誰來叩自然,1
1142,誰來叩自然恩,1
1143,來叩自然恩酬,1
1144,叩自然恩酬期,1
1145,自然恩酬期必,1
1146,然恩酬期必報,1
1147,恩酬期必報豈,1
1148,酬期必報豈是,1
1149,期必報豈是輒,1
1150,必報豈是輒輕,1
1151,報豈是輒輕生,1
1152,豈是輒輕生神,1
1153,是輒輕生神劍,1
1154,輒輕生神劍沖,1
1155,輕生神劍沖霄,1
1156,生神劍沖霄去,1
1157,神劍沖霄去誰,1
1158,劍沖霄去誰為,1
1159,沖霄去誰為平,1
1160,霄去誰為平不,1
1161,去誰為平不平,1
1162,誰為平不平警,1
1163,為平不平警露,1
1164,平不平警露精,1
1165,不平警露精神,1
1166,平警露精神異,1
1167,警露精神異沖,1
1168,露精神異沖天,1
1169,精神異沖天羽,1
1170,神異沖天羽翼,1
1171,異沖天羽翼新,1
1172,沖天羽翼新千,1
1173,天羽翼新千年,1
1174,羽翼新千年一,1
1175,翼新千年一歸,1
1176,新千年一歸日,1
1177,千年一歸日誰,1
1178,年一歸日誰識,1
1179,一歸日誰識令,1
1180,歸日誰識令威,1
1181,日誰識令威身,1
1182,誰識令威身掛,1
1183,識令威身掛卻,1
1184,令威身掛卻朝,1
1185,威身掛卻朝冠,1
1186,身掛卻朝冠披,1
1187,掛卻朝冠披鶴,1
1188,卻朝冠披鶴氅,1
1189,朝冠披鶴氅羽,1
1190,冠披鶴氅羽人,1
1191,披鶴氅羽人相,1
1192,鶴氅羽人相伴,1
1193,氅羽人相伴恣,1
1194,羽人相伴恣遨,1
1195,人相伴恣遨遊,1
1196,相伴恣遨遊忽,1
1197,伴恣遨遊忽因,1
1198,恣遨遊忽因風,1
1199,遨遊忽因風月,1
1200,遊忽因風月思,1
1201,忽因風月思茅,1
1202,因風月思茅嶺,1
1203,風月思茅嶺便,1
1204,月思茅嶺便挈,1
1205,思茅嶺便挈琴,1
1206,茅嶺便挈琴樽,1
1207,嶺便挈琴樽上,1
1208,便挈琴樽上葉,1
1209,挈琴樽上葉舟,1
1210,琴樽上葉舟野,1
1211,樽上葉舟野寺,1
1212,上葉舟野寺宿,1
1213,葉舟野寺宿時,1
1214,舟野寺宿時魂,1
1215,野寺宿時魂夢,1
1216,寺宿時魂夢冷,1
1217,宿時魂夢冷海,1
1218,時魂夢冷海門,1
1219,魂夢冷海門吟,1
1220,夢冷海門吟處,1
1221,冷海門吟處水,1
1222,海門吟處水雲,1
1223,門吟處水雲秋,1
1224,吟處水雲秋華,1
1225,處水雲秋華陽,1
1226,水雲秋華陽洞,1
1227,雲秋華陽洞府,1
1228,秋華陽洞府年,1
1229,華陽洞府年光,1
1230,陽洞府年光永,1
1231,洞府年光永莫,1
1232,府年光永莫向,1
1233,年光永莫向仙,1
1234,光永莫向仙鄉,1
1235,永莫向仙鄉擬,1
1236,莫向仙鄉擬駐,1
1237,向仙鄉擬駐留,1
1238,仙鄉擬駐留遠,1
1239,鄉擬駐留遠公,1
1240,擬駐留遠公遺,1
1241,駐留遠公遺跡,1
1242,留遠公遺跡在,1
1243,遠公遺跡在東,1
1244,公遺跡在東林,1
1245,遺跡在東林往,1
1246,跡在東林往事,1
1247,在東林往事名,1
1248,東林往事名存,1
1249,林往事名存動,1
1250,往事名存動苦,1
1251,事名存動苦吟,1
1252,名存動苦吟杉,1
1253,存動苦吟杉檜,1
1254,動苦吟杉檜已,1
1255,苦吟杉檜已依,1
1256,吟杉檜已依靈,1
1257,杉檜已依靈塔,1
1258,檜已依靈塔老,1
1259,已依靈塔老煙,1
1260,依靈塔老煙霞,1
1261,靈塔老煙霞空,1
1262,塔老煙霞空鎖,1
1263,老煙霞空鎖影,1
1264,煙霞空鎖影堂,1
1265,霞空鎖影堂深,1
1266,空鎖影堂深入,1
1267,鎖影堂深入簾,1
1268,影堂深入簾輕,1
1269,堂深入簾輕吹,1
1270,深入簾輕吹催,1
1271,入簾輕吹催香,1
1272,簾輕吹催香印,1
1273,輕吹催香印落,1
1274,吹催香印落石,1
1275,催香印落石幽,1
1276,香印落石幽泉,1
1277,印落石幽泉雜,1
1278,落石幽泉雜磬,1
1279,石幽泉雜磬音,1
1280,幽泉雜磬音十,1
1281,泉雜磬音十八,1
1282,雜磬音十八賢,1
1283,磬音十八賢人,1
1284,音十八賢人消,1
1285,十八賢人消息,1
1286,八賢人消息斷,1
1287,賢人消息斷蓮,1
1288,人消息斷蓮池,1
1289,消息斷蓮池千,1
1290,息斷蓮池千載,1
1291,斷蓮池千載月,1
1292,蓮池千載月沉,1
1293,池千載月沉沉,1
1294,千載月沉沉品,1
1295,載月沉沉品格,1
1296,月沉沉品格清,1
1297,沉沉品格清於,1
1298,沉品格清於竹,1
1299,品格清於竹詩,1
1300,格清於竹詩家,1
1301,清於竹詩家景,1
1302,於竹詩家景最,1
1303,竹詩家景最幽,1
1304,詩家景最幽從,1
1305,家景最幽從栽,1
1306,景最幽從栽向,1
1307,最幽從栽向池,1
1308,幽從栽向池沼,1
1309,從栽向池沼長,1
1310,栽向池沼長似,1
1311,向池沼長似在,1
1312,池沼長似在汀,1
1313,沼長似在汀洲,1
1314,長似在汀洲玩,1
1315,似在汀洲玩好,1
1316,在汀洲玩好招,1
1317,汀洲玩好招溪,1
1318,洲玩好招溪叟,1
1319,玩好招溪叟棲,1
1320,好招溪叟棲堪,1
1321,招溪叟棲堪待,1
1322,溪叟棲堪待野,1
1323,叟棲堪待野鷗,1
1324,棲堪待野鷗影,1
1325,堪待野鷗影疏,1
1326,待野鷗影疏當,1
1327,野鷗影疏當夕,1
1328,鷗影疏當夕照,1
1329,影疏當夕照花,1
1330,疏當夕照花亂,1
1331,當夕照花亂正,1
1332,夕照花亂正深,1
1333,照花亂正深秋,1
1334,花亂正深秋韻,1
1335,亂正深秋韻細,1
1336,正深秋韻細堪,1
1337,深秋韻細堪清,1
1338,秋韻細堪清耳,1
1339,韻細堪清耳根,1
1340,細堪清耳根牢,1
1341,堪清耳根牢好,1
1342,清耳根牢好系,1
1343,耳根牢好系舟,1
1344,根牢好系舟故,1
1345,牢好系舟故溪,1
1346,好系舟故溪高,1
1347,系舟故溪高岸,1
1348,舟故溪高岸上,1
1349,故溪高岸上冷,1
1350,溪高岸上冷淡,1
1351,高岸上冷淡有,1
1352,岸上冷淡有誰,1
1353,上冷淡有誰遊,1
1354,冷淡有誰遊每,1
1355,淡有誰遊每病,1
1356,有誰遊每病風,1
1357,誰遊每病風騷,1
1358,遊每病風騷路,1
1359,每病風騷路荒,1
1360,病風騷路荒涼,1
1361,風騷路荒涼人,1
1362,騷路荒涼人莫,1
1363,路荒涼人莫遊,1
1364,荒涼人莫遊惟,1
1365,涼人莫遊惟君,1
1366,人莫遊惟君還,1
1367,莫遊惟君還似,1
1368,遊惟君還似我,1
1369,惟君還似我成,1
1370,君還似我成癖,1
1371,還似我成癖未,1
1372,似我成癖未能,1
1373,我成癖未能休,1
1374,成癖未能休舍,1
1375,癖未能休舍寐,1
1376,未能休舍寐緣,1
1377,能休舍寐緣孤,1
1378,休舍寐緣孤月,1
1379,舍寐緣孤月忘,1
1380,寐緣孤月忘形,1
1381,緣孤月忘形為,1
1382,孤月忘形為九,1
1383,月忘形為九秋,1
1384,忘形為九秋垂,1
1385,形為九秋垂名,1
1386,為九秋垂名如,1
1387,九秋垂名如不,1
1388,秋垂名如不朽,1
1389,垂名如不朽那,1
1390,名如不朽那恨,1
1391,如不朽那恨雪,1
1392,不朽那恨雪生,1
1393,朽那恨雪生頭,1
1394,那恨雪生頭一,1
1395,恨雪生頭一宿,1
1396,雪生頭一宿山,1
1397,生頭一宿山前,1
1398,頭一宿山前店,1
1399,一宿山前店旅,1
1400,宿山前店旅情,1
1401,山前店旅情安,1
1402,前店旅情安可,1
1403,店旅情安可窮,1
1404,旅情安可窮猿,1
1405,情安可窮猿聲,1
1406,安可窮猿聲鄉,1
1407,可窮猿聲鄉夢,1
1408,窮猿聲鄉夢後,1
1409,猿聲鄉夢後月,1
1410,聲鄉夢後月影,1
1411,鄉夢後月影竹,1
1412,夢後月影竹窗,1
1413,後月影竹窗中,1
1414,月影竹窗中南,1
1415,影竹窗中南楚,1
1416,竹窗中南楚征,1
1417,窗中南楚征途,1
1418,中南楚征途闊,1
1419,南楚征途闊東,1
1420,楚征途闊東吳,1
1421,征途闊東吳舊,1
1422,途闊東吳舊業,1
1423,闊東吳舊業空,1
1424,東吳舊業空虎,1
1425,吳舊業空虎溪,1
1426,舊業空虎溪蓮,1
1427,業空虎溪蓮社,1
1428,空虎溪蓮社客,1
1429,虎溪蓮社客應,1
1430,溪蓮社客應笑,1
1431,蓮社客應笑此,1
1432,社客應笑此飄,1
1433,客應笑此飄蓬,1
1434,應笑此飄蓬春,1
1435,笑此飄蓬春殘,1
1436,此飄蓬春殘杜,1
1437,飄蓬春殘杜宇,1
1438,蓬春殘杜宇愁,1
1439,春殘杜宇愁越,1
1440,殘杜宇愁越客,1
1441,杜宇愁越客思,1
1442,宇愁越客思悠,1
1443,愁越客思悠悠,1
1444,越客思悠悠雨,1
1445,客思悠悠雨歇,1
1446,思悠悠雨歇孤,1
1447,悠悠雨歇孤村,1
1448,悠雨歇孤村裏,1
1449,雨歇孤村裏花,1
1450,歇孤村裏花飛,1
1451,孤村裏花飛遠,1
1452,村裏花飛遠水,1
1453,裏花飛遠水頭,1
1454,花飛遠水頭微,1
1455,飛遠水頭微風,1
1456,遠水頭微風聲,1
1457,水頭微風聲漸,1
1458,頭微風聲漸咽,1
1459,微風聲漸咽高,1
1460,風聲漸咽高樹,1
1461,聲漸咽高樹血,1
1462,漸咽高樹血應,1
1463,咽高樹血應流,1
1464,高樹血應流因,1
1465,樹血應流因此,1
1466,血應流因此頻,1
1467,應流因此頻回,1
1468,流因此頻回首,1
1469,因此頻回首家,1
1470,此頻回首家山,1
1471,頻回首家山隔,1
1472,回首家山隔幾,1
1473,首家山隔幾州,1
1474,家山隔幾州千,1
1475,山隔幾州千峰,1
1476,隔幾州千峰雪,1
1477,幾州千峰雪盡,1
1478,州千峰雪盡鳥,1
1479,千峰雪盡鳥聲,1
1480,峰雪盡鳥聲春,1
1481,雪盡鳥聲春日,1
1482,盡鳥聲春日永,1
1483,鳥聲春日永孤,1
1484,聲春日永孤吟,1
1485,春日永孤吟野,1
1486,日永孤吟野水,1
1487,永孤吟野水濱,1
1488,孤吟野水濱霄,1
1489,吟野水濱霄漢,1
1490,野水濱霄漢路,1
1491,水濱霄漢路岐,1
1492,濱霄漢路岐升,1
1493,霄漢路岐升未,1
1494,漢路岐升未得,1
1495,路岐升未得花,1
1496,岐升未得花時,1
1497,升未得花時空,1
1498,未得花時空拂,1
1499,得花時空拂滿,1
1500,花時空拂滿衣,1
1501,時空拂滿衣塵,1
1502,空拂滿衣塵巫,1
1503,拂滿衣塵巫峽,1
1504,滿衣塵巫峽雲,1
1505,衣塵巫峽雲深,1
1506,塵巫峽雲深湘,1
1507,巫峽雲深湘水,1
1508,峽雲深湘水遙,1
1509,雲深湘水遙更,1
1510,深湘水遙更無,1
1511,湘水遙更無消,1
1512,水遙更無消息,1
1513,遙更無消息夢,1
1514,更無消息夢空,1
1515,無消息夢空勞,1
1516,消息夢空勞夢,1
1517,息夢空勞夢回,1
1518,夢空勞夢回深,1
1519,空勞夢回深夜,1
1520,勞夢回深夜不,1
1521,夢回深夜不成,1
1522,回深夜不成寐,1
1523,深夜不成寐起,1
1524,夜不成寐起立,1
1525,不成寐起立閒,1
1526,成寐起立閒庭,1
1527,寐起立閒庭花,1
1528,起立閒庭花月,1
1529,立閒庭花月高,1
1530,閒庭花月高寥,1
1531,庭花月高寥寥,1
1532,花月高寥寥陋,1
1533,月高寥寥陋巷,1
1534,高寥寥陋巷獨,1
1535,寥寥陋巷獨扃,1
1536,寥陋巷獨扃門,1
1537,陋巷獨扃門自,1
1538,巷獨扃門自樂,1
1539,獨扃門自樂清,1
1540,扃門自樂清虛,1
1541,門自樂清虛不,1
1542,自樂清虛不厭,1
1543,樂清虛不厭貧,1
1544,清虛不厭貧數,1
1545,虛不厭貧數局,1
1546,不厭貧數局棋,1
1547,厭貧數局棋中,1
1548,貧數局棋中消,1
1549,數局棋中消永,1
1550,局棋中消永日,1
1551,棋中消永日一,1
1552,中消永日一樽,1
1553,消永日一樽酒,1
1554,永日一樽酒裏,1
1555,日一樽酒裏送,1
1556,一樽酒裏送殘,1
1557,樽酒裏送殘春,1
1558,酒裏送殘春雨,1
1559,裏送殘春雨催,1
1560,送殘春雨催綠,1
1561,殘春雨催綠蘚,1
1562,春雨催綠蘚鋪,1
1563,雨催綠蘚鋪三,1
1564,催綠蘚鋪三徑,1
1565,綠蘚鋪三徑風,1
1566,蘚鋪三徑風送,1
1567,鋪三徑風送飛,1
1568,三徑風送飛花,1
1569,徑風送飛花入,1
1570,風送飛花入四,1
1571,送飛花入四鄰,1
1572,飛花入四鄰羨,1
1573,花入四鄰羨爾,1
1574,入四鄰羨爾朗,1
1575,四鄰羨爾朗吟,1
1576,鄰羨爾朗吟無,1
1577,羨爾朗吟無外,1
1578,爾朗吟無外事,1
1579,朗吟無外事滄,1
1580,吟無外事滄洲,1
1581,無外事滄洲何,1
1582,外事滄洲何必,1
1583,事滄洲何必去,1
1584,滄洲何必去垂,1
1585,洲何必去垂綸,1
1586,何必去垂綸寒,1
1587,必去垂綸寒松,1
1588,去垂綸寒松肌,1
1589,垂綸寒松肌骨,1
1590,綸寒松肌骨鶴,1
1591,寒松肌骨鶴心,1
1592,松肌骨鶴心情,1
1593,肌骨鶴心情混,1
1594,骨鶴心情混俗,1
1595,鶴心情混俗陶,1
1596,心情混俗陶陶,1
1597,情混俗陶陶隱,1
1598,混俗陶陶隱姓,1
1599,俗陶陶隱姓名,1
1600,陶陶隱姓名白,1
1601,陶隱姓名白髮,1
1602,隱姓名白髮只,1
1603,姓名白髮只聞,1
1604,名白髮只聞悲,1
1605,白髮只聞悲短,1
1606,髮只聞悲短景,1
1607,只聞悲短景紅,1
1608,聞悲短景紅塵,1
1609,悲短景紅塵誰,1
1610,短景紅塵誰解,1
1611,景紅塵誰解信,1
1612,紅塵誰解信長,1
1613,塵誰解信長生,1
1614,誰解信長生壺,1
1615,解信長生壺中,1
1616,信長生壺中日,1
1617,長生壺中日月,1
1618,生壺中日月存,1
1619,壺中日月存心,1
1620,中日月存心近,1
1621,日月存心近島,1
1622,月存心近島外,1
1623,存心近島外煙,1
1624,心近島外煙霞,1
1625,近島外煙霞入,1
1626,島外煙霞入夢,1
1627,外煙霞入夢清,1
1628,煙霞入夢清每,1
1629,霞入夢清每許,1
1630,入夢清每許相,1
1631,夢清每許相親,1
1632,清每許相親應,1
1633,每許相親應計,1
1634,許相親應計分,1
1635,相親應計分琴,1
1636,親應計分琴餘,1
1637,應計分琴餘常,1
1638,計分琴餘常見,1
1639,分琴餘常見話,1
1640,琴餘常見話蓬,1
1641,餘常見話蓬瀛,1
1642,常見話蓬瀛風,1
1643,見話蓬瀛風暖,1
1644,話蓬瀛風暖汀,1
1645,蓬瀛風暖汀洲,1
1646,瀛風暖汀洲吟,1
1647,風暖汀洲吟興,1
1648,暖汀洲吟興生,1
1649,汀洲吟興生遠,1
1650,洲吟興生遠山,1
1651,吟興生遠山如,1
1652,興生遠山如畫,1
1653,生遠山如畫雨,1
1654,遠山如畫雨新,1
1655,山如畫雨新晴,1
1656,如畫雨新晴殘,1
1657,畫雨新晴殘陽,1
1658,雨新晴殘陽影,1
1659,新晴殘陽影裏,1
1660,晴殘陽影裏水,1
1661,殘陽影裏水東,1
1662,陽影裏水東注,1
1663,影裏水東注芳,1
1664,裏水東注芳草,1
1665,水東注芳草煙,1
1666,東注芳草煙中,1
1667,注芳草煙中人,1
1668,芳草煙中人獨,1
1669,草煙中人獨行,1
1670,煙中人獨行閃,1
1671,中人獨行閃閃,1
1672,人獨行閃閃酒,1
1673,獨行閃閃酒簾,1
1674,行閃閃酒簾招,1
1675,閃閃酒簾招醉,1
1676,閃酒簾招醉客,1
1677,酒簾招醉客深,1
1678,簾招醉客深深,1
1679,招醉客深深綠,1
1680,醉客深深綠樹,1
1681,客深深綠樹隱,1
1682,深深綠樹隱啼,1
1683,深綠樹隱啼鶯,1
1684,綠樹隱啼鶯盤,1
1685,樹隱啼鶯盤桓,1
1686,隱啼鶯盤桓漁,1
1687,啼鶯盤桓漁舍,1
1688,鶯盤桓漁舍忘,1
1689,盤桓漁舍忘歸,1
1690,桓漁舍忘歸去,1
1691,漁舍忘歸去雲,1
1692,舍忘歸去雲靜,1
1693,忘歸去雲靜高,1
1694,歸去雲靜高空,1
1695,去雲靜高空月,1
1696,雲靜高空月又,1
1697,靜高空月又明,1
1698,高空月又明雄,1
1699,空月又明雄飛,1
1700,月又明雄飛看,1
1701,又明雄飛看是,1
1702,明雄飛看是逼,1
1703,雄飛看是逼岩,1
1704,飛看是逼岩廊,1
1705,看是逼岩廊逸,1
1706,是逼岩廊逸思,1
1707,逼岩廊逸思常,1
1708,岩廊逸思常聞,1
1709,廊逸思常聞不,1
1710,逸思常聞不暫,1
1711,思常聞不暫忘,1
1712,常聞不暫忘公,1
1713,聞不暫忘公署,1
1714,不暫忘公署靜,1
1715,暫忘公署靜眠,1
1716,忘公署靜眠思,1
1717,公署靜眠思水,1
1718,署靜眠思水石,1
1719,靜眠思水石古,1
1720,眠思水石古屏,1
1721,思水石古屏閑,1
1722,水石古屏閑展,1
1723,石古屏閑展看,1
1724,古屏閑展看瀟,1
1725,屏閑展看瀟湘,1
1726,閑展看瀟湘老,1
1727,展看瀟湘老來,1
1728,看瀟湘老來酒,1
1729,瀟湘老來酒病,1
1730,湘老來酒病雖,1
1731,老來酒病雖然,1
1732,來酒病雖然減,1
1733,酒病雖然減秋,1
1734,病雖然減秋杪,1
1735,雖然減秋杪詩,1
1736,然減秋杪詩魔,1
1737,減秋杪詩魔更,1
1738,秋杪詩魔更是,1
1739,杪詩魔更是狂,1
1740,詩魔更是狂乘,1
1741,魔更是狂乘興,1
1742,更是狂乘興有,1
1743,是狂乘興有時,1
1744,狂乘興有時招,1
1745,乘興有時招羽,1
1746,興有時招羽客,1
1747,有時招羽客橫,1
1748,時招羽客橫琴,1
1749,招羽客橫琴移,1
1750,羽客橫琴移月,1
1751,客橫琴移月啟,1
1752,橫琴移月啟茅,1
1753,琴移月啟茅堂,1
1754,移月啟茅堂藍,1
1755,月啟茅堂藍袍,1
1756,啟茅堂藍袍竹,1
1757,茅堂藍袍竹簡,1
1758,堂藍袍竹簡佐,1
1759,藍袍竹簡佐琴,1
1760,袍竹簡佐琴堂,1
1761,竹簡佐琴堂縣,1
1762,簡佐琴堂縣僻,1
1763,佐琴堂縣僻人,1
1764,琴堂縣僻人稀,1
1765,堂縣僻人稀覺,1
1766,縣僻人稀覺日,1
1767,僻人稀覺日長,1
1768,人稀覺日長愛,1
1769,稀覺日長愛靜,1
1770,覺日長愛靜不,1
1771,日長愛靜不嫌,1
1772,長愛靜不嫌官,1
1773,愛靜不嫌官況,1
1774,靜不嫌官況冷,1
1775,不嫌官況冷苦,1
1776,嫌官況冷苦吟,1
1777,官況冷苦吟從,1
1778,況冷苦吟從聽,1
1779,冷苦吟從聽鬢,1
1780,苦吟從聽鬢毛,1
1781,吟從聽鬢毛蒼,1
1782,從聽鬢毛蒼閑,1
1783,聽鬢毛蒼閑尋,1
1784,鬢毛蒼閑尋野,1
1785,毛蒼閑尋野寺,1
1786,蒼閑尋野寺聽,1
1787,閑尋野寺聽秋,1
1788,尋野寺聽秋水,1
1789,野寺聽秋水寄,1
1790,寺聽秋水寄睡,1
1791,聽秋水寄睡僧,1
1792,秋水寄睡僧窗,1
1793,水寄睡僧窗到,1
1794,寄睡僧窗到夕,1
1795,睡僧窗到夕陽,1
1796,僧窗到夕陽騫,1
1797,窗到夕陽騫翥,1
1798,到夕陽騫翥會,1
1799,夕陽騫翥會應,1
1800,陽騫翥會應霄,1
1801,騫翥會應霄漢,1
1802,翥會應霄漢去,1
1803,會應霄漢去漁,1
1804,應霄漢去漁竿,1
1805,霄漢去漁竿休,1
1806,漢去漁竿休更,1
1807,去漁竿休更戀,1
1808,漁竿休更戀滄,1
1809,竿休更戀滄浪,1
1810,休更戀滄浪丹,1
1811,更戀滄浪丹墀,1
1812,戀滄浪丹墀朝,1
1813,滄浪丹墀朝退,1
1814,浪丹墀朝退後,1
1815,丹墀朝退後靜,1
1816,墀朝退後靜院,1
1817,朝退後靜院即,1
1818,退後靜院即冥,1
1819,後靜院即冥搜,1
1820,靜院即冥搜盡,1
1821,院即冥搜盡日,1
1822,即冥搜盡日捲,1
1823,冥搜盡日捲簾,1
1824,搜盡日捲簾坐,1
1825,盡日捲簾坐前,1
1826,日捲簾坐前峰,1
1827,捲簾坐前峰當,1
1828,簾坐前峰當檻,1
1829,坐前峰當檻秋,1
1830,前峰當檻秋烹,1
1831,峰當檻秋烹茶,1
1832,當檻秋烹茶留,1
1833,檻秋烹茶留野,1
1834,秋烹茶留野客,1
1835,烹茶留野客展,1
1836,茶留野客展畫,1
1837,留野客展畫看,1
1838,野客展畫看滄,1
1839,客展畫看滄洲,1
1840,展畫看滄洲見,1
1841,畫看滄洲見說,1
1842,看滄洲見說東,1
1843,滄洲見說東林,1
1844,洲見說東林夜,1
1845,見說東林夜尋,1
1846,說東林夜尋常,1
1847,東林夜尋常秉,1
1848,林夜尋常秉燭,1
1849,夜尋常秉燭遊,1
1850,尋常秉燭遊清,1
1851,常秉燭遊清名,1
1852,秉燭遊清名喧,1
1853,燭遊清名喧四,1
1854,遊清名喧四海,1
1855,清名喧四海何,1
1856,名喧四海何止,1
1857,喧四海何止並,1
1858,四海何止並南,1
1859,海何止並南金,1
1860,何止並南金奧,1
1861,止並南金奧學,1
1862,並南金奧學群,1
1863,南金奧學群英,1
1864,金奧學群英伏,1
1865,奧學群英伏多,1
1866,學群英伏多才,1
1867,群英伏多才萬,1
1868,英伏多才萬乘,1
1869,伏多才萬乘欽,1
1870,多才萬乘欽秩,1
1871,才萬乘欽秩參,1
1872,萬乘欽秩參金,1
1873,乘欽秩參金殿,1
1874,欽秩參金殿峻,1
1875,秩參金殿峻步,1
1876,參金殿峻步曆,1
1877,金殿峻步曆紫,1
1878,殿峻步曆紫微,1
1879,峻步曆紫微深,1
1880,步曆紫微深顧,1
1881,曆紫微深顧問,1
1882,紫微深顧問承,1
1883,微深顧問承中,1
1884,深顧問承中旨,1
1885,顧問承中旨絲,1
1886,問承中旨絲綸,1
1887,承中旨絲綸演,1
1888,中旨絲綸演帝,1
1889,旨絲綸演帝心,1
1890,絲綸演帝心褒,1
1891,綸演帝心褒雄,1
1892,演帝心褒雄饒,1
1893,帝心褒雄饒義,1
1894,心褒雄饒義路,1
1895,褒雄饒義路賈,1
1896,雄饒義路賈馬,1
1897,饒義路賈馬避,1
1898,義路賈馬避詞,1
1899,路賈馬避詞林,1
1900,賈馬避詞林下,1
1901,馬避詞林下直,1
1902,避詞林下直無,1
1903,詞林下直無他,1
1904,林下直無他事,1
1905,下直無他事開,1
1906,直無他事開門,1
1907,無他事開門對,1
1908,他事開門對遠,1
1909,事開門對遠岑,1
1910,開門對遠岑軒,1
1911,門對遠岑軒窗,1
1912,對遠岑軒窗來,1
1913,遠岑軒窗來晚,1
1914,岑軒窗來晚吹,1
1915,軒窗來晚吹池,1
1916,窗來晚吹池沼,1
1917,來晚吹池沼歇,1
1918,晚吹池沼歇秋,1
1919,吹池沼歇秋霖,1
1920,池沼歇秋霖蘚,1
1921,沼歇秋霖蘚點,1
1922,歇秋霖蘚點生,1
1923,秋霖蘚點生棋,1
1924,霖蘚點生棋石,1
1925,蘚點生棋石茶,1
1926,點生棋石茶煙,1
1927,生棋石茶煙過,1
1928,棋石茶煙過竹,1
1929,石茶煙過竹陰,1
1930,茶煙過竹陰希,1
1931,煙過竹陰希夷,1
1932,過竹陰希夷元,1
1933,竹陰希夷元已,1
1934,陰希夷元已達,1
1935,希夷元已達躁,1
1936,夷元已達躁競,1
1937,元已達躁競豈,1
1938,已達躁競豈能,1
1939,達躁競豈能侵,1
1940,躁競豈能侵羽,1
1941,競豈能侵羽客,1
1942,豈能侵羽客閑,1
1943,能侵羽客閑陪,1
1944,侵羽客閑陪飲,1
1945,羽客閑陪飲詩,1
1946,客閑陪飲詩人,1
1947,閑陪飲詩人伴,1
1948,陪飲詩人伴靜,1
1949,飲詩人伴靜吟,1
1950,詩人伴靜吟自,1
1951,人伴靜吟自慚,1
1952,伴靜吟自慚為,1
1953,靜吟自慚為滯,1
1954,吟自慚為滯物,1
1955,自慚為滯物多,1
1956,慚為滯物多幸,1
1957,為滯物多幸辱,1
1958,滯物多幸辱虛,1
1959,物多幸辱虛襟,1
1960,多幸辱虛襟此,1
1961,幸辱虛襟此日,1
1962,辱虛襟此日重,1
1963,虛襟此日重遭,1
1964,襟此日重遭遇,1
1965,此日重遭遇心,1
1966,日重遭遇心期,1
1967,重遭遇心期出,1
1968,遭遇心期出陸,1
1969,遇心期出陸沈,1
1970,心期出陸沈門,1
1971,期出陸沈門巷,1
1972,出陸沈門巷涼,1
1973,陸沈門巷涼秋,1
1974,沈門巷涼秋至,1
1975,門巷涼秋至高,1
1976,巷涼秋至高梧,1
1977,涼秋至高梧一,1
1978,秋至高梧一葉,1
1979,至高梧一葉驚,1
1980,高梧一葉驚漸,1
1981,梧一葉驚漸添,1
1982,一葉驚漸添衾,1
1983,葉驚漸添衾簟,1
1984,驚漸添衾簟爽,1
1985,漸添衾簟爽頓,1
1986,添衾簟爽頓覺,1
1987,衾簟爽頓覺夢,1
1988,簟爽頓覺夢魂,1
1989,爽頓覺夢魂清,1
1990,頓覺夢魂清暗,1
1991,覺夢魂清暗促,1
1992,夢魂清暗促蓮,1
1993,魂清暗促蓮開,1
1994,清暗促蓮開豔,1
1995,暗促蓮開豔乍,1
1996,促蓮開豔乍催,1
1997,蓮開豔乍催蟬,1
1998,開豔乍催蟬發,1
1999,豔乍催蟬發聲,1
2000,乍催蟬發聲雨,1
2001,催蟬發聲雨降,1
2002,蟬發聲雨降炎,1
2003,發聲雨降炎氣,1
2004,聲雨降炎氣減,1
2005,雨降炎氣減竹,1
2006,降炎氣減竹引,1
2007,炎氣減竹引冷,1
2008,氣減竹引冷煙,1
2009,減竹引冷煙生,1
2010,竹引冷煙生戍,1
2011,引冷煙生戍客,1
2012,冷煙生戍客添,1
2013,煙生戍客添歸,1
2014,生戍客添歸思,1
2015,戍客添歸思行,1
2016,客添歸思行人,1
2017,添歸思行人怯,1
2018,歸思行人怯遠,1
2019,思行人怯遠程,1
2020,行人怯遠程未,1
2021,人怯遠程未逢,1
2022,怯遠程未逢征,1
2023,遠程未逢征雁,1
2024,程未逢征雁下,1
2025,未逢征雁下漸,1
2026,逢征雁下漸聽,1
2027,征雁下漸聽夜,1
2028,雁下漸聽夜砧,1
2029,下漸聽夜砧鳴,1
2030,漸聽夜砧鳴張,1
2031,聽夜砧鳴張翰,1
2032,夜砧鳴張翰思,1
2033,砧鳴張翰思鱸,1
2034,鳴張翰思鱸興,1
2035,張翰思鱸興班,1
2036,翰思鱸興班姬,1
2037,思鱸興班姬詠,1
2038,鱸興班姬詠扇,1
2039,興班姬詠扇情,1
2040,班姬詠扇情音,1
2041,姬詠扇情音塵,1
2042,詠扇情音塵兩,1
2043,扇情音塵兩難,1
2044,情音塵兩難問,1
2045,音塵兩難問蛩,1
2046,塵兩難問蛩砌,1
2047,兩難問蛩砌月,1
2048,難問蛩砌月空,1
2049,問蛩砌月空明,1
2050,蛩砌月空明竟,1
2051,砌月空明竟日,1
2052,月空明竟日散,1
2053,空明竟日散如,1
2054,明竟日散如絲,1
2055,竟日散如絲吟,1
2056,日散如絲吟看,1
2057,散如絲吟看半,1
2058,如絲吟看半掩,1
2059,絲吟看半掩扉,1
2060,吟看半掩扉秋,1
2061,看半掩扉秋聲,1
2062,半掩扉秋聲在,1
2063,掩扉秋聲在梧,1
2064,扉秋聲在梧葉,1
2065,秋聲在梧葉潤,1
2066,聲在梧葉潤氣,1
2067,在梧葉潤氣逼,1
2068,梧葉潤氣逼書,1
2069,葉潤氣逼書幃,1
2070,潤氣逼書幃曲,1
2071,氣逼書幃曲澗,1
2072,逼書幃曲澗泉,1
2073,書幃曲澗泉承,1
2074,幃曲澗泉承去,1
2075,曲澗泉承去危,1
2076,澗泉承去危簷,1
2077,泉承去危簷燕,1
2078,承去危簷燕帶,1
2079,去危簷燕帶歸,1
2080,危簷燕帶歸寒,1
2081,簷燕帶歸寒蛩,1
2082,燕帶歸寒蛩悲,1
2083,帶歸寒蛩悲旅,1
2084,歸寒蛩悲旅壁,1
2085,寒蛩悲旅壁亂,1
2086,蛩悲旅壁亂蘚,1
2087,悲旅壁亂蘚滑,1
2088,旅壁亂蘚滑漁,1
2089,壁亂蘚滑漁磯,1
2090,亂蘚滑漁磯爽,1
2091,蘚滑漁磯爽欲,1
2092,滑漁磯爽欲除,1
2093,漁磯爽欲除幽,1
2094,磯爽欲除幽簟,1
2095,爽欲除幽簟涼,1
2096,欲除幽簟涼須,1
2097,除幽簟涼須換,1
2098,幽簟涼須換熟,1
2099,簟涼須換熟衣,1
2100,涼須換熟衣疏,1
2101,須換熟衣疏篷,1
2102,換熟衣疏篷誰,1
2103,熟衣疏篷誰夢,1
2104,衣疏篷誰夢斷,1
2105,疏篷誰夢斷荒,1
2106,篷誰夢斷荒徑,1
2107,誰夢斷荒徑獨,1
2108,夢斷荒徑獨遊,1
2109,斷荒徑獨遊稀,1
2110,荒徑獨遊稀偏,1
2111,徑獨遊稀偏稱,1
2112,獨遊稀偏稱江,1
2113,遊稀偏稱江湖,1
2114,稀偏稱江湖景,1
2115,偏稱江湖景不,1
2116,稱江湖景不妨,1
2117,江湖景不妨鷗,1
2118,湖景不妨鷗鷺,1
2119,景不妨鷗鷺飛,1
2120,不妨鷗鷺飛最,1
2121,妨鷗鷺飛最憐,1
2122,鷗鷺飛最憐為,1
2123,鷺飛最憐為瑞,1
2124,飛最憐為瑞處,1
2125,最憐為瑞處南,1
2126,憐為瑞處南畝,1
2127,為瑞處南畝稻,1
2128,瑞處南畝稻苗,1
2129,處南畝稻苗肥,1
2130,南畝稻苗肥長,1
2131,畝稻苗肥長憶,1
2132,稻苗肥長憶尋,1
2133,苗肥長憶尋師,1
2134,肥長憶尋師處,1
2135,長憶尋師處東,1
2136,憶尋師處東林,1
2137,尋師處東林寓,1
2138,師處東林寓泊,1
2139,處東林寓泊時,1
2140,東林寓泊時一,1
2141,林寓泊時一秋,1
2142,寓泊時一秋同,1
2143,泊時一秋同看,1
2144,時一秋同看月,1
2145,一秋同看月無,1
2146,秋同看月無夜,1
2147,同看月無夜不,1
2148,看月無夜不論,1
2149,月無夜不論詩,1
2150,無夜不論詩泉,1
2151,夜不論詩泉美,1
2152,不論詩泉美茶,1
2153,論詩泉美茶香,1
2154,詩泉美茶香異,1
2155,泉美茶香異堂,1
2156,美茶香異堂深,1
2157,茶香異堂深磬,1
2158,香異堂深磬韻,1
2159,異堂深磬韻遲,1
2160,堂深磬韻遲鹿,1
2161,深磬韻遲鹿馴,1
2162,磬韻遲鹿馴眠,1
2163,韻遲鹿馴眠蘚,1
2164,遲鹿馴眠蘚徑,1
2165,鹿馴眠蘚徑猿,1
2166,馴眠蘚徑猿苦,1
2167,眠蘚徑猿苦叫,1
2168,蘚徑猿苦叫霜,1
2169,徑猿苦叫霜枝,1
2170,猿苦叫霜枝別,1
2171,苦叫霜枝別後,1
2172,叫霜枝別後音,1
2173,霜枝別後音塵,1
2174,枝別後音塵隔,1
2175,別後音塵隔年,1
2176,後音塵隔年來,1
2177,音塵隔年來鬢,1
2178,塵隔年來鬢髮,1
2179,隔年來鬢髮衰,1
2180,年來鬢髮衰趨,1
2181,來鬢髮衰趨名,1
2182,鬢髮衰趨名方,1
2183,髮衰趨名方汲,1
2184,衰趨名方汲汲,1
2185,趨名方汲汲未,1
2186,名方汲汲未果,1
2187,方汲汲未果再,1
2188,汲汲未果再遊,1
2189,汲未果再遊期,1
2190,未果再遊期忽,1
2191,果再遊期忽起,1
2192,再遊期忽起尋,1
2193,遊期忽起尋師,1
2194,期忽起尋師興,1
2195,忽起尋師興穿,1
2196,起尋師興穿雲,1
2197,尋師興穿雲不,1
2198,師興穿雲不覺,1
2199,興穿雲不覺勞,1
2200,穿雲不覺勞相,1
2201,雲不覺勞相留,1
2202,不覺勞相留看,1
2203,覺勞相留看山,1
2204,勞相留看山雪,1
2205,相留看山雪盡,1
2206,留看山雪盡日,1
2207,看山雪盡日論,1
2208,山雪盡日論風,1
2209,雪盡日論風騷,1
2210,盡日論風騷竹,1
2211,日論風騷竹影,1
2212,論風騷竹影搖,1
2213,風騷竹影搖禪,1
2214,騷竹影搖禪榻,1
2215,竹影搖禪榻茶,1
2216,影搖禪榻茶煙,1
2217,搖禪榻茶煙上,1
2218,禪榻茶煙上毳,1
2219,榻茶煙上毳袍,1
2220,茶煙上毳袍夢,1
2221,煙上毳袍夢魂,1
2222,上毳袍夢魂曾,1
2223,毳袍夢魂曾去,1
2224,袍夢魂曾去否,1
2225,夢魂曾去否舊,1
2226,魂曾去否舊國,1
2227,曾去否舊國阻,1
2228,去否舊國阻波,1
2229,否舊國阻波濤,1
2230,舊國阻波濤危,1
2231,國阻波濤危言,1
2232,阻波濤危言危,1
2233,波濤危言危行,1
2234,濤危言危行是,1
2235,危言危行是男,1
2236,言危行是男兒,1
2237,危行是男兒倚,1
2238,行是男兒倚伏,1
2239,是男兒倚伏相,1
2240,男兒倚伏相牽,1
2241,兒倚伏相牽豈,1
2242,倚伏相牽豈足,1
2243,伏相牽豈足悲,1
2244,相牽豈足悲莫,1
2245,牽豈足悲莫向,1
2246,豈足悲莫向汀,1
2247,足悲莫向汀洲,1
2248,悲莫向汀洲時,1
2249,莫向汀洲時獨,1
2250,向汀洲時獨立,1
2251,汀洲時獨立悠,1
2252,洲時獨立悠悠,1
2253,時獨立悠悠斜,1
2254,獨立悠悠斜日,1
2255,立悠悠斜日照,1
2256,悠悠斜日照江,1
2257,悠斜日照江蘺,1
2258,斜日照江蘺太,1
2259,日照江蘺太皞,1
2260,照江蘺太皞禦,1
2261,江蘺太皞禦氣,1
2262,蘺太皞禦氣勾,1
2263,太皞禦氣勾芒,1
2264,皞禦氣勾芒肇,1
2265,禦氣勾芒肇功,1
2266,氣勾芒肇功蒼,1
2267,勾芒肇功蒼龍,1
2268,芒肇功蒼龍青,1
2269,肇功蒼龍青旗,1
2270,功蒼龍青旗爰,1
2271,蒼龍青旗爰候,1
2272,龍青旗爰候祥,1
2273,青旗爰候祥風,1
2274,旗爰候祥風律,1
2275,爰候祥風律以,1
2276,候祥風律以和,1
2277,祥風律以和應,1
2278,風律以和應以,1
2279,律以和應以感,1
2280,以和應以感通,1
2281,和應以感通鼎,1
2282,應以感通鼎俎,1
2283,以感通鼎俎修,1
2284,感通鼎俎修蚃,1
2285,通鼎俎修蚃時,1
2286,鼎俎修蚃時惟,1
2287,俎修蚃時惟禮,1
2288,修蚃時惟禮崇,1
2289,蚃時惟禮崇春,1
2290,時惟禮崇春來,1
2291,惟禮崇春來無,1
2292,禮崇春來無樹,1
2293,崇春來無樹不,1
2294,春來無樹不青,1
2295,來無樹不青青,1
2296,無樹不青青似,1
2297,樹不青青似共,1
2298,不青青似共東,1
2299,青青似共東風,1
2300,青似共東風別,1
2301,似共東風別有,1
2302,共東風別有情,1
2303,東風別有情閑,1
2304,風別有情閑憶,1
2305,別有情閑憶舊,1
2306,有情閑憶舊居,1
2307,情閑憶舊居湓,1
2308,閑憶舊居湓水,1
2309,憶舊居湓水畔,1
2310,舊居湓水畔數,1
2311,居湓水畔數枝,1
2312,湓水畔數枝煙,1
2313,水畔數枝煙雨,1
2314,畔數枝煙雨屬,1
2315,數枝煙雨屬啼,1
2316,枝煙雨屬啼鶯,1
2317,煙雨屬啼鶯最,1
2318,雨屬啼鶯最愛,1
2319,屬啼鶯最愛青,1
2320,啼鶯最愛青青,1
2321,鶯最愛青青水,1
2322,最愛青青水國,1
2323,愛青青水國中,1
2324,青青水國中莫,1
2325,青水國中莫愁,1
2326,水國中莫愁門,1
2327,國中莫愁門外,1
2328,中莫愁門外間,1
2329,莫愁門外間花,1
2330,愁門外間花紅,1
2331,門外間花紅纖,1
2332,外間花紅纖纖,1
2333,間花紅纖纖無,1
2334,花紅纖纖無力,1
2335,紅纖纖無力勝,1
2336,纖纖無力勝春,1
2337,纖無力勝春色,1
2338,無力勝春色撼,1
2339,力勝春色撼起,1
2340,勝春色撼起啼,1
2341,春色撼起啼鶯,1
2342,色撼起啼鶯恨,1
2343,撼起啼鶯恨晚,1
2344,起啼鶯恨晚風,1
2345,啼鶯恨晚風山,1
2346,鶯恨晚風山陽,1
2347,恨晚風山陽舊,1
2348,晚風山陽舊社,1
2349,風山陽舊社終,1
2350,山陽舊社終經,1
2351,陽舊社終經夢,1
2352,舊社終經夢容,1
2353,社終經夢容易,1
2354,終經夢容易言,1
2355,經夢容易言歸,1
2356,夢容易言歸不,1
2357,容易言歸不可,1
2358,易言歸不可留,1
2359,言歸不可留瓶,1
2360,歸不可留瓶貯,1
2361,不可留瓶貯瀑,1
2362,可留瓶貯瀑泉,1
2363,留瓶貯瀑泉離,1
2364,瓶貯瀑泉離五,1
2365,貯瀑泉離五老,1
2366,瀑泉離五老錫,1
2367,泉離五老錫搖,1
2368,離五老錫搖江,1
2369,五老錫搖江雨,1
2370,老錫搖江雨上,1
2371,錫搖江雨上孤,1
2372,搖江雨上孤舟,1
2373,江雨上孤舟魚,1
2374,雨上孤舟魚行,1
2375,上孤舟魚行細,1
2376,孤舟魚行細浪,1
2377,舟魚行細浪分,1
2378,魚行細浪分沙,1
2379,行細浪分沙觜,1
2380,細浪分沙觜雁,1
2381,浪分沙觜雁逆,1
2382,分沙觜雁逆高,1
2383,沙觜雁逆高風,1
2384,觜雁逆高風下,1
2385,雁逆高風下葦,1
2386,逆高風下葦洲,1
2387,高風下葦洲遙,1
2388,風下葦洲遙想,1
2389,下葦洲遙想枚,1
2390,葦洲遙想枚皋,1
2391,洲遙想枚皋宅,1
2392,遙想枚皋宅邊,1
2393,想枚皋宅邊寺,1
2394,枚皋宅邊寺不,1
2395,皋宅邊寺不知,1
2396,宅邊寺不知涼,1
2397,邊寺不知涼月,1
2398,寺不知涼月共,1
2399,不知涼月共誰,1
2400,知涼月共誰遊,1
2401,涼月共誰遊孤,1
2402,月共誰遊孤琴,1
2403,共誰遊孤琴塵,1
2404,誰遊孤琴塵翳,1
2405,遊孤琴塵翳劍,1
2406,孤琴塵翳劍慵,1
2407,琴塵翳劍慵磨,1
2408,塵翳劍慵磨自,1
2409,翳劍慵磨自顧,1
2410,劍慵磨自顧泥,1
2411,慵磨自顧泥蟠,1
2412,磨自顧泥蟠欲,1
2413,自顧泥蟠欲奈,1
2414,顧泥蟠欲奈何,1
2415,泥蟠欲奈何千,1
2416,蟠欲奈何千里,1
2417,欲奈何千里交,1
2418,奈何千里交親,1
2419,何千里交親消,1
2420,千里交親消息,1
2421,里交親消息斷,1
2422,交親消息斷一,1
2423,親消息斷一庭,1
2424,消息斷一庭風,1
2425,息斷一庭風雨,1
2426,斷一庭風雨夢,1
2427,一庭風雨夢魂,1
2428,庭風雨夢魂多,1
2429,風雨夢魂多題,1
2430,雨夢魂多題橋,1
2431,夢魂多題橋未,1
2432,魂多題橋未展,1
2433,多題橋未展相,1
2434,題橋未展相如,1
2435,橋未展相如志,1
2436,未展相如志叩,1
2437,展相如志叩角,1
2438,相如志叩角誰,1
2439,如志叩角誰憐,1
2440,志叩角誰憐甯,1
2441,叩角誰憐甯戚,1
2442,角誰憐甯戚歌,1
2443,誰憐甯戚歌唯,1
2444,憐甯戚歌唯賴,1
2445,甯戚歌唯賴明,1
2446,戚歌唯賴明公,1
2447,歌唯賴明公憐,1
2448,唯賴明公憐道,1
2449,賴明公憐道在,1
2450,明公憐道在敢,1
2451,公憐道在敢攜,1
2452,憐道在敢攜蓑,1
2453,道在敢攜蓑笠,1
2454,在敢攜蓑笠釣,1
2455,敢攜蓑笠釣煙,1
2456,攜蓑笠釣煙波,1
2457,蓑笠釣煙波蕭,1
2458,笠釣煙波蕭條,1
2459,釣煙波蕭條陋,1
2460,煙波蕭條陋巷,1
2461,波蕭條陋巷綠,1
2462,蕭條陋巷綠苔,1
2463,條陋巷綠苔侵,1
2464,陋巷綠苔侵何,1
2465,巷綠苔侵何事,1
2466,綠苔侵何事君,1
2467,苔侵何事君心,1
2468,侵何事君心似,1
2469,何事君心似我,1
2470,事君心似我心,1
2471,君心似我心貧,1
2472,心似我心貧戶,1
2473,似我心貧戶懶,1
2474,我心貧戶懶開,1
2475,心貧戶懶開元,1
2476,貧戶懶開元愛,1
2477,戶懶開元愛靜,1
2478,懶開元愛靜病,1
2479,開元愛靜病身,1
2480,元愛靜病身才,1
2481,愛靜病身才起,1
2482,靜病身才起便,1
2483,病身才起便思,1
2484,身才起便思吟,1
2485,才起便思吟閑,1
2486,起便思吟閑留,1
2487,便思吟閑留好,1
2488,思吟閑留好鳥,1
2489,吟閑留好鳥庭,1
2490,閑留好鳥庭柯,1
2491,留好鳥庭柯密,1
2492,好鳥庭柯密暗,1
2493,鳥庭柯密暗養,1
2494,庭柯密暗養鳴,1
2495,柯密暗養鳴蛩,1
2496,密暗養鳴蛩砌,1
2497,暗養鳴蛩砌草,1
2498,養鳴蛩砌草深,1
2499,鳴蛩砌草深況,1
2500,蛩砌草深況是,1
2501,砌草深況是清,1
2502,草深況是清朝,1
2503,深況是清朝重,1
2504,況是清朝重文,1
2505,是清朝重文物,1
2506,清朝重文物無,1
2507,朝重文物無愁,1
2508,重文物無愁當,1
2509,文物無愁當路,1
2510,物無愁當路少,1
2511,無愁當路少知,1
2512,愁當路少知音,1
2513,當路少知音悶,1
2514,路少知音悶見,1
2515,少知音悶見塵,1
2516,知音悶見塵中,1
2517,音悶見塵中光,1
2518,悶見塵中光景,1
2519,見塵中光景促,1
2520,塵中光景促仙,1
2521,中光景促仙鄉,1
2522,光景促仙鄉來,1
2523,景促仙鄉來禮,1
2524,促仙鄉來禮紫,1
2525,仙鄉來禮紫陽,1
2526,鄉來禮紫陽君,1
2527,來禮紫陽君人,1
2528,禮紫陽君人居,1
2529,紫陽君人居淡,1
2530,陽君人居淡寂,1
2531,君人居淡寂應,1
2532,人居淡寂應難,1
2533,居淡寂應難老,1
2534,淡寂應難老道,1
2535,寂應難老道在,1
2536,應難老道在虛,1
2537,難老道在虛無,1
2538,老道在虛無不,1
2539,道在虛無不可,1
2540,在虛無不可聞,1
2541,虛無不可聞松,1
2542,無不可聞松檜,1
2543,不可聞松檜穩,1
2544,可聞松檜穩棲,1
2545,聞松檜穩棲三,1
2546,松檜穩棲三島,1
2547,檜穩棲三島鶴,1
2548,穩棲三島鶴樓,1
2549,棲三島鶴樓臺,1
2550,三島鶴樓臺閑,1
2551,島鶴樓臺閑鎖,1
2552,鶴樓臺閑鎖九,1
2553,樓臺閑鎖九霄,1
2554,臺閑鎖九霄雲,1
2555,閑鎖九霄雲羨,1
2556,鎖九霄雲羨師,1
2557,九霄雲羨師向,1
2558,霄雲羨師向此,1
2559,雲羨師向此朝,1
2560,羨師向此朝星,1
2561,師向此朝星斗,1
2562,向此朝星斗一,1
2563,此朝星斗一炷,1
2564,朝星斗一炷清,1
2565,星斗一炷清香,1
2566,斗一炷清香午,1
2567,一炷清香午夜,1
2568,炷清香午夜焚,1
2569,清香午夜焚閑,1
2570,香午夜焚閑憶,1
2571,午夜焚閑憶當,1
2572,夜焚閑憶當年,1
2573,焚閑憶當年遊,1
2574,閑憶當年遊物,1
2575,憶當年遊物外,1
2576,當年遊物外羽,1
2577,年遊物外羽人,1
2578,遊物外羽人曾,1
2579,物外羽人曾許,1
2580,外羽人曾許駐,1
2581,羽人曾許駐仙,1
2582,人曾許駐仙鄉,1
2583,曾許駐仙鄉溪,1
2584,許駐仙鄉溪頭,1
2585,駐仙鄉溪頭烘,1
2586,仙鄉溪頭烘藥,1
2587,鄉溪頭烘藥煙,1
2588,溪頭烘藥煙霞,1
2589,頭烘藥煙霞暖,1
2590,烘藥煙霞暖花,1
2591,藥煙霞暖花下,1
2592,煙霞暖花下圍,1
2593,霞暖花下圍棋,1
2594,暖花下圍棋日,1
2595,花下圍棋日月,1
2596,下圍棋日月長,1
2597,圍棋日月長偷,1
2598,棋日月長偷摘,1
2599,日月長偷摘蟠,1
2600,月長偷摘蟠桃,1
2601,長偷摘蟠桃思,1
2602,偷摘蟠桃思曼,1
2603,摘蟠桃思曼倩,1
2604,蟠桃思曼倩化,1
2605,桃思曼倩化成,1
2606,思曼倩化成蝴,1
2607,曼倩化成蝴蝶,1
2608,倩化成蝴蝶學,1
2609,化成蝴蝶學蒙,1
2610,成蝴蝶學蒙莊,1
2611,蝴蝶學蒙莊俗,1
2612,蝶學蒙莊俗緣,1
2613,學蒙莊俗緣未,1
2614,蒙莊俗緣未斷,1
2615,莊俗緣未斷歸,1
2616,俗緣未斷歸浮,1
2617,緣未斷歸浮世,1
2618,未斷歸浮世空,1
2619,斷歸浮世空望,1
2620,歸浮世空望林,1
2621,浮世空望林泉,1
2622,世空望林泉意,1
2623,空望林泉意欲,1
2624,望林泉意欲狂,1
2625,林泉意欲狂悠,1
2626,泉意欲狂悠悠,1
2627,意欲狂悠悠離,1
2628,欲狂悠悠離洞,1
2629,狂悠悠離洞壑,1
2630,悠悠離洞壑冉,1
2631,悠離洞壑冉冉,1
2632,離洞壑冉冉上,1
2633,洞壑冉冉上天,1
2634,壑冉冉上天津,1
2635,冉冉上天津捧,1
2636,冉上天津捧日,1
2637,上天津捧日終,1
2638,天津捧日終為,1
2639,津捧日終為異,1
2640,捧日終為異從,1
2641,日終為異從龍,1
2642,終為異從龍自,1
2643,為異從龍自有,1
2644,異從龍自有因,1
2645,從龍自有因高,1
2646,龍自有因高行,1
2647,自有因高行四,1
2648,有因高行四海,1
2649,因高行四海雨,1
2650,高行四海雨暖,1
2651,行四海雨暖拂,1
2652,四海雨暖拂萬,1
2653,海雨暖拂萬山,1
2654,雨暖拂萬山春,1
2655,暖拂萬山春靜,1
2656,拂萬山春靜與,1
2657,萬山春靜與霞,1
2658,山春靜與霞相,1
2659,春靜與霞相近,1
2660,靜與霞相近閑,1
2661,與霞相近閑將,1
2662,霞相近閑將鶴,1
2663,相近閑將鶴最,1
2664,近閑將鶴最親,1
2665,閑將鶴最親帝,1
2666,將鶴最親帝鄉,1
2667,鶴最親帝鄉歸,1
2668,最親帝鄉歸莫,1
2669,親帝鄉歸莫問,1
2670,帝鄉歸莫問楚,1
2671,鄉歸莫問楚殿,1
2672,歸莫問楚殿夢,1
2673,莫問楚殿夢曾,1
2674,問楚殿夢曾頻,1
2675,楚殿夢曾頻白,1
2676,殿夢曾頻白向,1
2677,夢曾頻白向封,1
2678,曾頻白向封中,1
2679,頻白向封中起,1
2680,白向封中起碧,1
2681,向封中起碧從,1
2682,封中起碧從詩,1
2683,中起碧從詩裏,1
2684,起碧從詩裏新,1
2685,碧從詩裏新冷,1
2686,從詩裏新冷容,1
2687,詩裏新冷容橫,1
2688,裏新冷容橫釣,1
2689,新冷容橫釣浦,1
2690,冷容橫釣浦輕,1
2691,容橫釣浦輕縷,1
2692,橫釣浦輕縷絆,1
2693,釣浦輕縷絆蟾,1
2694,浦輕縷絆蟾輪,1
2695,輕縷絆蟾輪不,1
2696,縷絆蟾輪不滯,1
2697,絆蟾輪不滯濃,1
2698,蟾輪不滯濃還,1
2699,輪不滯濃還淡,1
2700,不滯濃還淡無,1
2701,滯濃還淡無心,1
2702,濃還淡無心卷,1
2703,還淡無心卷複,1
2704,淡無心卷複伸,1
2705,無心卷複伸非,1
2706,心卷複伸非煙,1
2707,卷複伸非煙聊,1
2708,複伸非煙聊擬,1
2709,伸非煙聊擬議,1
2710,非煙聊擬議幹,1
2711,煙聊擬議幹呂,1
2712,聊擬議幹呂在,1
2713,擬議幹呂在逡,1
2714,議幹呂在逡巡,1
2715,幹呂在逡巡會,1
2716,呂在逡巡會作,1
2717,在逡巡會作五,1
2718,逡巡會作五般,1
2719,巡會作五般色,1
2720,會作五般色為,1
2721,作五般色為祥,1
2722,五般色為祥覆,1
2723,般色為祥覆紫,1
2724,色為祥覆紫宸,1
2725,為祥覆紫宸亭,1
2726,祥覆紫宸亭榭,1
2727,覆紫宸亭榭跨,1
2728,紫宸亭榭跨池,1
2729,宸亭榭跨池塘,1
2730,亭榭跨池塘泓,1
2731,榭跨池塘泓澄,1
2732,跨池塘泓澄入,1
2733,池塘泓澄入座,1
2734,塘泓澄入座涼,1
2735,泓澄入座涼扶,1
2736,澄入座涼扶疏,1
2737,入座涼扶疏皆,1
2738,座涼扶疏皆竹,1
2739,涼扶疏皆竹柏,1
2740,扶疏皆竹柏冷,1
2741,疏皆竹柏冷淡,1
2742,皆竹柏冷淡似,1
2743,竹柏冷淡似瀟,1
2744,柏冷淡似瀟湘,1
2745,冷淡似瀟湘萍,1
2746,淡似瀟湘萍嫩,1
2747,似瀟湘萍嫩鋪,1
2748,瀟湘萍嫩鋪波,1
2749,湘萍嫩鋪波面,1
2750,萍嫩鋪波面苔,1
2751,嫩鋪波面苔深,1
2752,鋪波面苔深鎖,1
2753,波面苔深鎖岸,1
2754,面苔深鎖岸傍,1
2755,苔深鎖岸傍朝,1
2756,深鎖岸傍朝回,1
2757,鎖岸傍朝回游,1
2758,岸傍朝回游不,1
2759,傍朝回游不厭,1
2760,朝回游不厭僧,1
2761,回游不厭僧到,1
2762,游不厭僧到賞,1
2763,不厭僧到賞難,1
2764,厭僧到賞難忘,1
2765,僧到賞難忘最,1
2766,到賞難忘最稱,1
2767,賞難忘最稱收,1
2768,難忘最稱收殘,1
2769,忘最稱收殘雨,1
2770,最稱收殘雨偏,1
2771,稱收殘雨偏宜,1
2772,收殘雨偏宜帶,1
2773,殘雨偏宜帶夕,1
2774,雨偏宜帶夕陽,1
2775,偏宜帶夕陽吟,1
2776,宜帶夕陽吟堪,1
2777,帶夕陽吟堪期,1
2778,夕陽吟堪期謝,1
2779,陽吟堪期謝脁,1
2780,吟堪期謝脁醉,1
2781,堪期謝脁醉好,1
2782,期謝脁醉好命,1
2783,謝脁醉好命嵇,1
2784,脁醉好命嵇康,1
2785,醉好命嵇康奢,1
2786,好命嵇康奢侈,1
2787,命嵇康奢侈心,1
2788,嵇康奢侈心難,1
2789,康奢侈心難及,1
2790,奢侈心難及清,1
2791,侈心難及清虛,1
2792,心難及清虛趣,1
2793,難及清虛趣最,1
2794,及清虛趣最長,1
2795,清虛趣最長月,1
2796,虛趣最長月明,1
2797,趣最長月明垂,1
2798,最長月明垂釣,1
2799,長月明垂釣興,1
2800,月明垂釣興何,1
2801,明垂釣興何必,1
2802,垂釣興何必憶,1
2803,釣興何必憶滄,1
2804,興何必憶滄浪,1
2805,何必憶滄浪岸,1
2806,必憶滄浪岸春,1
2807,憶滄浪岸春芳,1
2808,滄浪岸春芳草,1
2809,浪岸春芳草合,1
2810,岸春芳草合幾,1
2811,春芳草合幾處,1
2812,芳草合幾處思,1
2813,草合幾處思纏,1
2814,合幾處思纏綿,1
2815,幾處思纏綿向,1
2816,處思纏綿向暮,1
2817,思纏綿向暮江,1
2818,纏綿向暮江蘺,1
2819,綿向暮江蘺雨,1
2820,向暮江蘺雨初,1
2821,暮江蘺雨初晴,1
2822,江蘺雨初晴杜,1
2823,蘺雨初晴杜若,1
2824,雨初晴杜若煙,1
2825,初晴杜若煙靜,1
2826,晴杜若煙靜宜,1
2827,杜若煙靜宜幽,1
2828,若煙靜宜幽鷺,1
2829,煙靜宜幽鷺立,1
2830,靜宜幽鷺立遠,1
2831,宜幽鷺立遠稱,1
2832,幽鷺立遠稱碧,1
2833,鷺立遠稱碧波,1
2834,立遠稱碧波連,1
2835,遠稱碧波連送,1
2836,稱碧波連送別,1
2837,碧波連送別王,1
2838,波連送別王孫,1
2839,連送別王孫處,1
2840,送別王孫處萋,1
2841,別王孫處萋萋,1
2842,王孫處萋萋南,1
2843,孫處萋萋南浦,1
2844,處萋萋南浦邊,1
2845,萋萋南浦邊扁,1
2846,萋南浦邊扁舟,1
2847,南浦邊扁舟倦,1
2848,浦邊扁舟倦行,1
2849,邊扁舟倦行役,1
2850,扁舟倦行役寂,1
2851,舟倦行役寂寂,1
2852,倦行役寂寂宿,1
2853,行役寂寂宿江,1
2854,役寂寂宿江幹,1
2855,寂寂宿江幹半,1
2856,寂宿江幹半夜,1
2857,宿江幹半夜風,1
2858,江幹半夜風雷,1
2859,幹半夜風雷過,1
2860,半夜風雷過一,1
2861,夜風雷過一天,1
2862,風雷過一天星,1
2863,雷過一天星斗,1
2864,過一天星斗寒,1
2865,一天星斗寒潮,1
2866,天星斗寒潮平,1
2867,星斗寒潮平沙,1
2868,斗寒潮平沙觜,1
2869,寒潮平沙觜沒,1
2870,潮平沙觜沒霜,1
2871,平沙觜沒霜苦,1
2872,沙觜沒霜苦雁,1
2873,觜沒霜苦雁聲,1
2874,沒霜苦雁聲殘,1
2875,霜苦雁聲殘漁,1
2876,苦雁聲殘漁父,1
2877,雁聲殘漁父何,1
2878,聲殘漁父何疏,1
2879,殘漁父何疏逸,1
2880,漁父何疏逸扣,1
2881,父何疏逸扣舷,1
2882,何疏逸扣舷歌,1
2883,疏逸扣舷歌未,1
2884,逸扣舷歌未闌,1
2885,扣舷歌未闌策,1
2886,舷歌未闌策杖,1
2887,歌未闌策杖尋,1
2888,未闌策杖尋幽,1
2889,闌策杖尋幽客,1
2890,策杖尋幽客相,1
2891,杖尋幽客相攜,1
2892,尋幽客相攜入,1
2893,幽客相攜入竹,1
2894,客相攜入竹扃,1
2895,相攜入竹扃野,1
2896,攜入竹扃野雲,1
2897,入竹扃野雲生,1
2898,竹扃野雲生晚,1
2899,扃野雲生晚砌,1
2900,野雲生晚砌病,1
2901,雲生晚砌病鶴,1
2902,生晚砌病鶴立,1
2903,晚砌病鶴立秋,1
2904,砌病鶴立秋庭,1
2905,病鶴立秋庭茶,1
2906,鶴立秋庭茶美,1
2907,立秋庭茶美睡,1
2908,秋庭茶美睡心,1
2909,庭茶美睡心爽,1
2910,茶美睡心爽琴,1
2911,美睡心爽琴清,1
2912,睡心爽琴清塵,1
2913,心爽琴清塵慮,1
2914,爽琴清塵慮醒,1
2915,琴清塵慮醒輪,1
2916,清塵慮醒輪蹄,1
2917,塵慮醒輪蹄應,1
2918,慮醒輪蹄應少,1
2919,醒輪蹄應少到,1
2920,輪蹄應少到門,1
2921,蹄應少到門巷,1
2922,應少到門巷草,1
2923,少到門巷草青,1
2924,到門巷草青青,1
2925,門巷草青青孤,1
2926,巷草青青孤舟,1
2927,草青青孤舟相,1
2928,青青孤舟相憶,1
2929,青孤舟相憶久,1
2930,孤舟相憶久何,1
2931,舟相憶久何處,1
2932,相憶久何處倍,1
2933,憶久何處倍關,1
2934,久何處倍關情,1
2935,何處倍關情野,1
2936,處倍關情野渡,1
2937,倍關情野渡帆,1
2938,關情野渡帆初,1
2939,情野渡帆初落,1
2940,野渡帆初落秋,1
2941,渡帆初落秋風,1
2942,帆初落秋風蟬,1
2943,初落秋風蟬一,1
2944,落秋風蟬一聲,1
2945,秋風蟬一聲江,1
2946,風蟬一聲江浮,1
2947,蟬一聲江浮殘,1
2948,一聲江浮殘照,1
2949,聲江浮殘照闊,1
2950,江浮殘照闊雲,1
2951,浮殘照闊雲散,1
2952,殘照闊雲散亂,1
2953,照闊雲散亂山,1
2954,闊雲散亂山橫,1
2955,雲散亂山橫漸,1
2956,散亂山橫漸去,1
2957,亂山橫漸去湓,1
2958,山橫漸去湓城,1
2959,橫漸去湓城遠,1
2960,漸去湓城遠那,1
2961,去湓城遠那堪,1
2962,湓城遠那堪新,1
2963,城遠那堪新月,1
2964,遠那堪新月生,1
2965,那堪新月生功,1
2966,堪新月生功名,1
2967,新月生功名未,1
2968,月生功名未立,1
2969,生功名未立誠,1
2970,功名未立誠非,1
2971,名未立誠非晚,1
2972,未立誠非晚骨,1
2973,立誠非晚骨肉,1
2974,誠非晚骨肉分,1
2975,非晚骨肉分飛,1
2976,晚骨肉分飛又,1
2977,骨肉分飛又入,1
2978,肉分飛又入秋,1
2979,分飛又入秋枕,1
2980,飛又入秋枕上,1
2981,又入秋枕上不,1
2982,入秋枕上不堪,1
2983,秋枕上不堪殘,1
2984,枕上不堪殘夢,1
2985,上不堪殘夢斷,1
2986,不堪殘夢斷壁,1
2987,堪殘夢斷壁蛩,1
2988,殘夢斷壁蛩窗,1
2989,夢斷壁蛩窗月,1
2990,斷壁蛩窗月夜,1
2991,壁蛩窗月夜悠,1
2992,蛩窗月夜悠悠,1
2993,窗月夜悠悠漁,1
2994,月夜悠悠漁休,1
2995,夜悠悠漁休渭,1
2996,悠悠漁休渭水,1
2997,悠漁休渭水興,1
2998,漁休渭水興周,1
2999,休渭水興周日,1
3000,渭水興周日龍,1
3001,水興周日龍起,1
3002,興周日龍起南,1
3003,周日龍起南陽,1
3004,日龍起南陽相,1
3005,龍起南陽相蜀,1
3006,起南陽相蜀時,1
3007,南陽相蜀時不,1
3008,陽相蜀時不遇,1
3009,相蜀時不遇文,1
3010,蜀時不遇文王,1
3011,時不遇文王與,1
3012,不遇文王與先,1
3013,遇文王與先主,1
3014,文王與先主經,1
3015,王與先主經天,1
3016,與先主經天才,1
3017,先主經天才業,1
3018,主經天才業擬,1
3019,經天才業擬何,1
3020,天才業擬何為,1
3021,才業擬何為排,1
3022,業擬何為排空,1
3023,擬何為排空蒼,1
3024,何為排空蒼翠,1
3025,為排空蒼翠異,1
3026,排空蒼翠異輟,1
3027,空蒼翠異輟棹,1
3028,蒼翠異輟棹看,1
3029,翠異輟棹看崔,1
3030,異輟棹看崔嵬,1
3031,輟棹看崔嵬一,1
3032,棹看崔嵬一面,1
3033,看崔嵬一面雨,1
3034,崔嵬一面雨初,1
3035,嵬一面雨初歇,1
3036,一面雨初歇九,1
3037,面雨初歇九峰,1
3038,雨初歇九峰雲,1
3039,初歇九峰雲正,1
3040,歇九峰雲正開,1
3041,九峰雲正開當,1
3042,峰雲正開當時,1
3043,雲正開當時思,1
3044,正開當時思水,1
3045,開當時思水石,1
3046,當時思水石便,1
3047,時思水石便欲,1
3048,思水石便欲上,1
3049,水石便欲上樓,1
3050,石便欲上樓臺,1
3051,便欲上樓臺隱,1
3052,欲上樓臺隱去,1
3053,上樓臺隱去心,1
3054,樓臺隱去心難,1
3055,臺隱去心難遂,1
3056,隱去心難遂吟,1
3057,去心難遂吟餘,1
3058,心難遂吟餘首,1
3059,難遂吟餘首懶,1
3060,遂吟餘首懶回,1
3061,吟餘首懶回僧,1
3062,餘首懶回僧休,1
3063,首懶回僧休傳,1
3064,懶回僧休傳紫,1
3065,回僧休傳紫閣,1
3066,僧休傳紫閣屏,1
3067,休傳紫閣屏歇,1
3068,傳紫閣屏歇寫,1
3069,紫閣屏歇寫天,1
3070,閣屏歇寫天臺,1
3071,屏歇寫天臺中,1
3072,歇寫天臺中有,1
3073,寫天臺中有忘,1
3074,天臺中有忘機,1
3075,臺中有忘機者,1
3076,中有忘機者逍,1
3077,有忘機者逍遙,1
3078,忘機者逍遙不,1
3079,機者逍遙不可,1
3080,者逍遙不可陪,1
3081,逍遙不可陪煙,1
3082,遙不可陪煙冷,1
3083,不可陪煙冷暮,1
3084,可陪煙冷暮江,1
3085,陪煙冷暮江濱,1
3086,煙冷暮江濱高,1
3087,冷暮江濱高歌,1
3088,暮江濱高歌散,1
3089,江濱高歌散誕,1
3090,濱高歌散誕身,1
3091,高歌散誕身移,1
3092,歌散誕身移舟,1
3093,散誕身移舟過,1
3094,誕身移舟過蓼,1
3095,身移舟過蓼岸,1
3096,移舟過蓼岸待,1
3097,舟過蓼岸待月,1
3098,過蓼岸待月正,1
3099,蓼岸待月正絲,1
3100,岸待月正絲綸,1
3101,待月正絲綸亦,1
3102,月正絲綸亦與,1
3103,正絲綸亦與樵,1
3104,絲綸亦與樵翁,1
3105,綸亦與樵翁約,1
3106,亦與樵翁約同,1
3107,與樵翁約同遊,1
3108,樵翁約同遊酒,1
3109,翁約同遊酒市,1
3110,約同遊酒市春,1
3111,同遊酒市春白,1
3112,遊酒市春白頭,1
3113,酒市春白頭雲,1
3114,市春白頭雲水,1
3115,春白頭雲水上,1
3116,白頭雲水上不,1
3117,頭雲水上不識,1
3118,雲水上不識獨,1
3119,水上不識獨醒,1
3120,上不識獨醒人,1
3121,不識獨醒人道,1
3122,識獨醒人道德,1
3123,獨醒人道德吾,1
3124,醒人道德吾君,1
3125,人道德吾君重,1
3126,道德吾君重含,1
3127,德吾君重含貞,1
3128,吾君重含貞本,1
3129,君重含貞本去,1
3130,重含貞本去華,1
3131,含貞本去華因,1
3132,貞本去華因知,1
3133,本去華因知煉,1
3134,去華因知煉神,1
3135,華因知煉神骨,1
3136,因知煉神骨何,1
3137,知煉神骨何必,1
3138,煉神骨何必在,1
3139,神骨何必在煙,1
3140,骨何必在煙霞,1
3141,何必在煙霞棋,1
3142,必在煙霞棋散,1
3143,在煙霞棋散庭,1
3144,煙霞棋散庭花,1
3145,霞棋散庭花落,1
3146,棋散庭花落詩,1
3147,散庭花落詩成,1
3148,庭花落詩成海,1
3149,花落詩成海月,1
3150,落詩成海月斜,1
3151,詩成海月斜瀛,1
3152,成海月斜瀛洲,1
3153,海月斜瀛洲舊,1
3154,月斜瀛洲舊仙,1
3155,斜瀛洲舊仙侶,1
3156,瀛洲舊仙侶應,1
3157,洲舊仙侶應許,1
3158,舊仙侶應許寄,1
3159,仙侶應許寄丹,1
3160,侶應許寄丹砂,1
3161,應許寄丹砂讀,1
3162,許寄丹砂讀書,1
3163,寄丹砂讀書與,1
3164,丹砂讀書與磨,1
3165,砂讀書與磨劍,1
3166,讀書與磨劍旦,1
3167,書與磨劍旦夕,1
3168,與磨劍旦夕但,1
3169,磨劍旦夕但忘,1
3170,劍旦夕但忘疲,1
3171,旦夕但忘疲儻,1
3172,夕但忘疲儻若,1
3173,但忘疲儻若功,1
3174,忘疲儻若功名,1
3175,疲儻若功名立,1
3176,儻若功名立那,1
3177,若功名立那愁,1
3178,功名立那愁變,1
3179,名立那愁變化,1
3180,立那愁變化遲,1
3181,那愁變化遲塵,1
3182,愁變化遲塵從,1
3183,變化遲塵從侵,1
3184,化遲塵從侵硯,1
3185,遲塵從侵硯席,1
3186,塵從侵硯席苔,1
3187,從侵硯席苔任,1
3188,侵硯席苔任滿,1
3189,硯席苔任滿庭,1
3190,席苔任滿庭墀,1
3191,苔任滿庭墀明,1
3192,任滿庭墀明代,1
3193,滿庭墀明代搜,1
3194,庭墀明代搜揚,1
3195,墀明代搜揚切,1
3196,明代搜揚切升,1
3197,代搜揚切升沈,1
3198,搜揚切升沈莫,1
3199,揚切升沈莫問,1
3200,切升沈莫問龜,1
3201,升沈莫問龜掩,1
3202,沈莫問龜掩戶,1
3203,莫問龜掩戶當,1
3204,問龜掩戶當春,1
3205,龜掩戶當春晝,1
3206,掩戶當春晝知,1
3207,戶當春晝知君,1
3208,當春晝知君志,1
3209,春晝知君志在,1
3210,晝知君志在詩,1
3211,知君志在詩閑,1
3212,君志在詩閑花,1
3213,志在詩閑花半,1
3214,在詩閑花半落,1
3215,詩閑花半落處,1
3216,閑花半落處幽,1
3217,花半落處幽客,1
3218,半落處幽客未,1
3219,落處幽客未來,1
3220,處幽客未來時,1
3221,幽客未來時野,1
3222,客未來時野鳥,1
3223,未來時野鳥穿,1
3224,來時野鳥穿莎,1
3225,時野鳥穿莎徑,1
3226,野鳥穿莎徑江,1
3227,鳥穿莎徑江雲,1
3228,穿莎徑江雲過,1
3229,莎徑江雲過竹,1
3230,徑江雲過竹籬,1
3231,江雲過竹籬會,1
3232,雲過竹籬會須,1
3233,過竹籬會須明,1
3234,竹籬會須明月,1
3235,籬會須明月夜,1
3236,會須明月夜與,1
3237,須明月夜與子,1
3238,明月夜與子水,1
3239,月夜與子水邊,1
3240,夜與子水邊期,1
3241,與子水邊期酒,1
3242,子水邊期酒醒,1
3243,水邊期酒醒江,1
3244,邊期酒醒江亭,1
3245,期酒醒江亭客,1
3246,酒醒江亭客纏,1
3247,醒江亭客纏綿,1
3248,江亭客纏綿恨,1
3249,亭客纏綿恨別,1
3250,客纏綿恨別離,1
3251,纏綿恨別離笙,1
3252,綿恨別離笙歌,1
3253,恨別離笙歌筵,1
3254,別離笙歌筵散,1
3255,離笙歌筵散後,1
3256,笙歌筵散後風,1
3257,歌筵散後風月,1
3258,筵散後風月夜,1
3259,散後風月夜長,1
3260,後風月夜長時,1
3261,風月夜長時耿,1
3262,月夜長時耿耿,1
3263,夜長時耿耿看,1
3264,長時耿耿看燈,1
3265,時耿耿看燈暗,1
3266,耿耿看燈暗悠,1
3267,耿看燈暗悠悠,1
3268,看燈暗悠悠結,1
3269,燈暗悠悠結夢,1
3270,暗悠悠結夢遲,1
3271,悠悠結夢遲若,1
3272,悠結夢遲若無,1
3273,結夢遲若無騷,1
3274,夢遲若無騷雅,1
3275,遲若無騷雅分,1
3276,若無騷雅分何,1
3277,無騷雅分何計,1
3278,騷雅分何計達,1
3279,雅分何計達相,1
3280,分何計達相思,1
3281,何計達相思懶,1
3282,計達相思懶向,1
3283,達相思懶向人,1
3284,相思懶向人前,1
3285,思懶向人前著,1
3286,懶向人前著紫,1
3287,向人前著紫衣,1
3288,人前著紫衣虛,1
3289,前著紫衣虛堂,1
3290,著紫衣虛堂閑,1
3291,紫衣虛堂閑倚,1
3292,衣虛堂閑倚一,1
3293,虛堂閑倚一條,1
3294,堂閑倚一條藜,1
3295,閑倚一條藜雖,1
3296,倚一條藜雖承,1
3297,一條藜雖承雨,1
3298,條藜雖承雨露,1
3299,藜雖承雨露居,1
3300,雖承雨露居龍,1
3301,承雨露居龍闕,1
3302,雨露居龍闕終,1
3303,露居龍闕終憶,1
3304,居龍闕終憶煙,1
3305,龍闕終憶煙霞,1
3306,闕終憶煙霞夢,1
3307,終憶煙霞夢虎,1
3308,憶煙霞夢虎溪,1
3309,煙霞夢虎溪睡,1
3310,霞夢虎溪睡起,1
3311,夢虎溪睡起曉,1
3312,虎溪睡起曉窗,1
3313,溪睡起曉窗風,1
3314,睡起曉窗風淅,1
3315,起曉窗風淅淅,1
3316,曉窗風淅淅病,1
3317,窗風淅淅病來,1
3318,風淅淅病來深,1
3319,淅淅病來深院,1
3320,淅病來深院草,1
3321,病來深院草萋,1
3322,來深院草萋萋,1
3323,深院草萋萋有,1
3324,院草萋萋有時,1
3325,草萋萋有時乘,1
3326,萋萋有時乘興,1
3327,萋有時乘興尋,1
3328,有時乘興尋師,1
3329,時乘興尋師去,1
3330,乘興尋師去煮,1
3331,興尋師去煮茗,1
3332,尋師去煮茗同,1
3333,師去煮茗同吟,1
3334,去煮茗同吟到,1
3335,煮茗同吟到日,1
3336,茗同吟到日西,1
3337,同吟到日西結,1
3338,吟到日西結茅,1
3339,到日西結茅曾,1
3340,日西結茅曾在,1
3341,西結茅曾在碧,1
3342,結茅曾在碧江,1
3343,茅曾在碧江隈,1
3344,曾在碧江隈多,1
3345,在碧江隈多病,1
3346,碧江隈多病貧,1
3347,江隈多病貧身,1
3348,隈多病貧身養,1
3349,多病貧身養拙,1
3350,病貧身養拙來,1
3351,貧身養拙來雨,1
3352,身養拙來雨歇,1
3353,養拙來雨歇汀,1
3354,拙來雨歇汀洲,1
3355,來雨歇汀洲垂,1
3356,雨歇汀洲垂釣,1
3357,歇汀洲垂釣去,1
3358,汀洲垂釣去月,1
3359,洲垂釣去月當,1
3360,垂釣去月當門,1
3361,釣去月當門巷,1
3362,去月當門巷訪,1
3363,月當門巷訪僧,1
3364,當門巷訪僧回,1
3365,門巷訪僧回靜,1
3366,巷訪僧回靜臨,1
3367,訪僧回靜臨窗,1
3368,僧回靜臨窗下,1
3369,回靜臨窗下開,1
3370,靜臨窗下開琴,1
3371,臨窗下開琴匣,1
3372,窗下開琴匣悶,1
3373,下開琴匣悶向,1
3374,開琴匣悶向床,1
3375,琴匣悶向床頭,1
3376,匣悶向床頭潑,1
3377,悶向床頭潑酒,1
3378,向床頭潑酒醅,1
3379,床頭潑酒醅遊,1
3380,頭潑酒醅遊宦,1
3381,潑酒醅遊宦等,1
3382,酒醅遊宦等閒,1
3383,醅遊宦等閒千,1
3384,遊宦等閒千里,1
3385,宦等閒千里隔,1
3386,等閒千里隔空,1
3387,閒千里隔空餘,1
3388,千里隔空餘魂,1
3389,里隔空餘魂夢,1
3390,隔空餘魂夢到,1
3391,空餘魂夢到漁,1
3392,餘魂夢到漁台,1
3393,魂夢到漁台門,1
3394,夢到漁台門前,1
3395,到漁台門前煙,1
3396,漁台門前煙水,1
3397,台門前煙水似,1
3398,門前煙水似瀟,1
3399,前煙水似瀟湘,1
3400,煙水似瀟湘放,1
3401,水似瀟湘放曠,1
3402,似瀟湘放曠優,1
3403,瀟湘放曠優遊,1
3404,湘放曠優遊興,1
3405,放曠優遊興味,1
3406,曠優遊興味長,1
3407,優遊興味長虛,1
3408,遊興味長虛閣,1
3409,興味長虛閣靜,1
3410,味長虛閣靜眠,1
3411,長虛閣靜眠聽,1
3412,虛閣靜眠聽遠,1
3413,閣靜眠聽遠浪,1
3414,靜眠聽遠浪扁,1
3415,眠聽遠浪扁舟,1
3416,聽遠浪扁舟閑,1
3417,遠浪扁舟閑上,1
3418,浪扁舟閑上泛,1
3419,扁舟閑上泛殘,1
3420,舟閑上泛殘陽,1
3421,閑上泛殘陽鶴,1
3422,上泛殘陽鶴翹,1
3423,泛殘陽鶴翹碧,1
3424,殘陽鶴翹碧蘚,1
3425,陽鶴翹碧蘚庭,1
3426,鶴翹碧蘚庭除,1
3427,翹碧蘚庭除冷,1
3428,碧蘚庭除冷竹,1
3429,蘚庭除冷竹引,1
3430,庭除冷竹引清,1
3431,除冷竹引清風,1
3432,冷竹引清風枕,1
3433,竹引清風枕簟,1
3434,引清風枕簟涼,1
3435,清風枕簟涼犬,1
3436,風枕簟涼犬吠,1
3437,枕簟涼犬吠疏,1
3438,簟涼犬吠疏籬,1
3439,涼犬吠疏籬明,1
3440,犬吠疏籬明月,1
3441,吠疏籬明月上,1
3442,疏籬明月上鄰,1
3443,籬明月上鄰翁,1
3444,明月上鄰翁攜,1
3445,月上鄰翁攜酒,1
3446,上鄰翁攜酒到,1
3447,鄰翁攜酒到茅,1
3448,翁攜酒到茅堂,1
3449,攜酒到茅堂無,1
3450,酒到茅堂無機,1
3451,到茅堂無機終,1
3452,茅堂無機終日,1
3453,堂無機終日狎,1
3454,無機終日狎沙,1
3455,機終日狎沙鷗,1
3456,終日狎沙鷗得,1
3457,日狎沙鷗得意,1
3458,狎沙鷗得意高,1
3459,沙鷗得意高吟,1
3460,鷗得意高吟景,1
3461,得意高吟景且,1
3462,意高吟景且幽,1
3463,高吟景且幽檻,1
3464,吟景且幽檻底,1
3465,景且幽檻底江,1
3466,且幽檻底江流,1
3467,幽檻底江流偏,1
3468,檻底江流偏稱,1
3469,底江流偏稱月,1
3470,江流偏稱月簷,1
3471,流偏稱月簷前,1
3472,偏稱月簷前山,1
3473,稱月簷前山朵,1
3474,月簷前山朵最,1
3475,簷前山朵最宜,1
3476,前山朵最宜秋,1
3477,山朵最宜秋遙,1
3478,朵最宜秋遙村,1
3479,最宜秋遙村處,1
3480,宜秋遙村處處,1
3481,秋遙村處處吹,1
3482,遙村處處吹橫,1
3483,村處處吹橫笛,1
3484,處處吹橫笛曲,1
3485,處吹橫笛曲岸,1
3486,吹橫笛曲岸家,1
3487,橫笛曲岸家家,1
3488,笛曲岸家家系,1
3489,曲岸家家系小,1
3490,岸家家系小舟,1
3491,家家系小舟別,1
3492,家系小舟別後,1
3493,系小舟別後再,1
3494,小舟別後再遊,1
3495,舟別後再遊心,1
3496,別後再遊心未,1
3497,後再遊心未遂,1
3498,再遊心未遂設,1
3499,遊心未遂設屏,1
3500,心未遂設屏惟,1
3501,未遂設屏惟畫,1
3502,遂設屏惟畫白,1
3503,設屏惟畫白蘋,1
3504,屏惟畫白蘋洲,1
3505,惟畫白蘋洲虎,1
3506,畫白蘋洲虎溪,1
3507,白蘋洲虎溪久,1
3508,蘋洲虎溪久駐,1
3509,洲虎溪久駐靈,1
3510,虎溪久駐靈蹤,1
3511,溪久駐靈蹤禪,1
3512,久駐靈蹤禪外,1
3513,駐靈蹤禪外詩,1
3514,靈蹤禪外詩魔,1
3515,蹤禪外詩魔尚,1
3516,禪外詩魔尚濃,1
3517,外詩魔尚濃卷,1
3518,詩魔尚濃卷宿,1
3519,魔尚濃卷宿吟,1
3520,尚濃卷宿吟銷,1
3521,濃卷宿吟銷永,1
3522,卷宿吟銷永日,1
3523,宿吟銷永日移,1
3524,吟銷永日移床,1
3525,銷永日移床坐,1
3526,永日移床坐對,1
3527,日移床坐對千,1
3528,移床坐對千峰,1
3529,床坐對千峰蒼,1
3530,坐對千峰蒼苔,1
3531,對千峰蒼苔冷,1
3532,千峰蒼苔冷鎖,1
3533,峰蒼苔冷鎖幽,1
3534,蒼苔冷鎖幽徑,1
3535,苔冷鎖幽徑微,1
3536,冷鎖幽徑微風,1
3537,鎖幽徑微風閑,1
3538,幽徑微風閑坐,1
3539,徑微風閑坐古,1
3540,微風閑坐古松,1
3541,風閑坐古松自,1
3542,閑坐古松自說,1
3543,坐古松自說年,1
3544,古松自說年來,1
3545,松自說年來老,1
3546,自說年來老病,1
3547,說年來老病出,1
3548,年來老病出門,1
3549,來老病出門漸,1
3550,老病出門漸覺,1
3551,病出門漸覺疏,1
3552,出門漸覺疏慵,1
3553,門漸覺疏慵殘,1
3554,漸覺疏慵殘燭,1
3555,覺疏慵殘燭猶,1
3556,疏慵殘燭猶存,1
3557,慵殘燭猶存月,1
3558,殘燭猶存月尚,1
3559,燭猶存月尚明,1
3560,猶存月尚明幾,1
3561,存月尚明幾家,1
3562,月尚明幾家幃,1
3563,尚明幾家幃幌,1
3564,明幾家幃幌夢,1
3565,幾家幃幌夢魂,1
3566,家幃幌夢魂驚,1
3567,幃幌夢魂驚星,1
3568,幌夢魂驚星河,1
3569,夢魂驚星河漸,1
3570,魂驚星河漸沒,1
3571,驚星河漸沒行,1
3572,星河漸沒行人,1
3573,河漸沒行人動,1
3574,漸沒行人動歷,1
3575,沒行人動歷歷,1
3576,行人動歷歷林,1
3577,人動歷歷林梢,1
3578,動歷歷林梢百,1
3579,歷歷林梢百舌,1
3580,歷林梢百舌聲,1
3581,林梢百舌聲仙,1
3582,梢百舌聲仙鄉,1
3583,百舌聲仙鄉景,1
3584,舌聲仙鄉景已,1
3585,聲仙鄉景已清,1
3586,仙鄉景已清仙,1
3587,鄉景已清仙子,1
3588,景已清仙子啟,1
3589,已清仙子啟琴,1
3590,清仙子啟琴聲,1
3591,仙子啟琴聲秋,1
3592,子啟琴聲秋月,1
3593,啟琴聲秋月空,1
3594,琴聲秋月空山,1
3595,聲秋月空山寂,1
3596,秋月空山寂淳,1
3597,月空山寂淳風,1
3598,空山寂淳風一,1
3599,山寂淳風一夜,1
3600,寂淳風一夜生,1
3601,淳風一夜生莎,1
3602,風一夜生莎間,1
3603,一夜生莎間蟲,1
3604,夜生莎間蟲罷,1
3605,生莎間蟲罷響,1
3606,莎間蟲罷響松,1
3607,間蟲罷響松頂,1
3608,蟲罷響松頂鶴,1
3609,罷響松頂鶴初,1
3610,響松頂鶴初驚,1
3611,松頂鶴初驚因,1
3612,頂鶴初驚因感,1
3613,鶴初驚因感浮,1
3614,初驚因感浮華,1
3615,驚因感浮華世,1
3616,因感浮華世誰,1
3617,感浮華世誰憐,1
3618,浮華世誰憐太,1
3619,華世誰憐太古,1
3620,世誰憐太古情,1
3621,誰憐太古情信,1
3622,憐太古情信斷,1
3623,太古情信斷關,1
3624,古情信斷關河,1
3625,情信斷關河遠,1
3626,信斷關河遠相,1
3627,斷關河遠相思,1
3628,關河遠相思秋,1
3629,河遠相思秋夜,1
3630,遠相思秋夜深,1
3631,相思秋夜深砌,1
3632,思秋夜深砌蛩,1
3633,秋夜深砌蛩聲,1
3634,夜深砌蛩聲咽,1
3635,深砌蛩聲咽咽,1
3636,砌蛩聲咽咽簷,1
3637,蛩聲咽咽簷月,1
3638,聲咽咽簷月影,1
3639,咽咽簷月影沉,1
3640,咽簷月影沉沉,1
3641,簷月影沉沉未,1
3642,月影沉沉未遂,1
3643,影沉沉未遂青,1
3644,沉沉未遂青雲,1
3645,沉未遂青雲志,1
3646,未遂青雲志那,1
3647,遂青雲志那堪,1
3648,青雲志那堪素,1
3649,雲志那堪素發,1
3650,志那堪素發侵,1
3651,那堪素發侵吟,1
3652,堪素發侵吟餘,1
3653,素發侵吟餘成,1
3654,發侵吟餘成不,1
3655,侵吟餘成不寐,1
3656,吟餘成不寐徹,1
3657,餘成不寐徹曙,1
3658,成不寐徹曙四,1
3659,不寐徹曙四鄰,1
3660,寐徹曙四鄰砧,1
3661,徹曙四鄰砧竹,1
3662,曙四鄰砧竹林,1
3663,四鄰砧竹林已,1
3664,鄰砧竹林已蕭,1
3665,砧竹林已蕭索,1
3666,竹林已蕭索客,1
3667,林已蕭索客思,1
3668,已蕭索客思正,1
3669,蕭索客思正如,1
3670,索客思正如讎,1
3671,客思正如讎舊,1
3672,思正如讎舊業,1
3673,正如讎舊業吳,1
3674,如讎舊業吳江,1
3675,讎舊業吳江外,1
3676,舊業吳江外新,1
3677,業吳江外新蟬,1
3678,吳江外新蟬楚,1
3679,江外新蟬楚驛,1
3680,外新蟬楚驛頭,1
3681,新蟬楚驛頭遙,1
3682,蟬楚驛頭遙天,1
3683,楚驛頭遙天疏,1
3684,驛頭遙天疏雨,1
3685,頭遙天疏雨過,1
3686,遙天疏雨過列,1
3687,天疏雨過列岫,1
3688,疏雨過列岫亂,1
3689,雨過列岫亂雲,1
3690,過列岫亂雲收,1
3691,列岫亂雲收今,1
3692,岫亂雲收今夕,1
3693,亂雲收今夕誰,1
3694,雲收今夕誰家,1
3695,收今夕誰家宿,1
3696,今夕誰家宿孤,1
3697,夕誰家宿孤吟,1
3698,誰家宿孤吟月,1
3699,家宿孤吟月色,1
3700,宿孤吟月色秋,1
3701,孤吟月色秋與,1
3702,吟月色秋與君,1
3703,月色秋與君詩,1
3704,色秋與君詩興,1
3705,秋與君詩興素,1
3706,與君詩興素來,1
3707,君詩興素來狂,1
3708,詩興素來狂況,1
3709,興素來狂況入,1
3710,素來狂況入清,1
3711,來狂況入清秋,1
3712,狂況入清秋夜,1
3713,況入清秋夜景,1
3714,入清秋夜景長,1
3715,清秋夜景長溪,1
3716,秋夜景長溪閣,1
3717,夜景長溪閣共,1
3718,景長溪閣共誰,1
3719,長溪閣共誰看,1
3720,溪閣共誰看好,1
3721,閣共誰看好月,1
3722,共誰看好月莎,1
3723,誰看好月莎階,1
3724,看好月莎階應,1
3725,好月莎階應獨,1
3726,月莎階應獨聽,1
3727,莎階應獨聽寒,1
3728,階應獨聽寒螿,1
3729,應獨聽寒螿卷,1
3730,獨聽寒螿卷中,1
3731,聽寒螿卷中新,1
3732,寒螿卷中新句,1
3733,螿卷中新句誠,1
3734,卷中新句誠堪,1
3735,中新句誠堪喜,1
3736,新句誠堪喜身,1
3737,句誠堪喜身外,1
3738,誠堪喜身外浮,1
3739,堪喜身外浮名,1
3740,喜身外浮名不,1
3741,身外浮名不足,1
3742,外浮名不足忙,1
3743,浮名不足忙會,1
3744,名不足忙會約,1
3745,不足忙會約垂,1
3746,足忙會約垂名,1
3747,忙會約垂名繼,1
3748,會約垂名繼前,1
3749,約垂名繼前哲,1
3750,垂名繼前哲任,1
3751,名繼前哲任他,1
3752,繼前哲任他玄,1
3753,前哲任他玄發,1
3754,哲任他玄發盡,1
3755,任他玄發盡如,1
3756,他玄發盡如霜,1
3757,玄發盡如霜森,1
3758,發盡如霜森森,1
3759,盡如霜森森移,1
3760,如霜森森移得,1
3761,霜森森移得自,1
3762,森森移得自山,1
3763,森移得自山莊,1
3764,移得自山莊植,1
3765,得自山莊植向,1
3766,自山莊植向空,1
3767,山莊植向空庭,1
3768,莊植向空庭野,1
3769,植向空庭野興,1
3770,向空庭野興長,1
3771,空庭野興長便,1
3772,庭野興長便有,1
3773,野興長便有好,1
3774,興長便有好風,1
3775,長便有好風來,1
3776,便有好風來枕,1
3777,有好風來枕簟,1
3778,好風來枕簟更,1
3779,風來枕簟更無,1
3780,來枕簟更無閑,1
3781,枕簟更無閑夢,1
3782,簟更無閑夢到,1
3783,更無閑夢到瀟,1
3784,無閑夢到瀟湘,1
3785,閑夢到瀟湘蔭,1
3786,夢到瀟湘蔭來,1
3787,到瀟湘蔭來砌,1
3788,瀟湘蔭來砌蘚,1
3789,湘蔭來砌蘚經,1
3790,蔭來砌蘚經疏,1
3791,來砌蘚經疏雨,1
3792,砌蘚經疏雨引,1
3793,蘚經疏雨引下,1
3794,經疏雨引下溪,1
3795,疏雨引下溪禽,1
3796,雨引下溪禽帶,1
3797,引下溪禽帶夕,1
3798,下溪禽帶夕陽,1
3799,溪禽帶夕陽閑,1
3800,禽帶夕陽閑約,1
3801,帶夕陽閑約羽,1
3802,夕陽閑約羽人,1
3803,陽閑約羽人同,1
3804,閑約羽人同賞,1
3805,約羽人同賞處,1
3806,羽人同賞處安,1
3807,人同賞處安排,1
3808,同賞處安排棋,1
3809,賞處安排棋局,1
3810,處安排棋局就,1
3811,安排棋局就清,1
3812,排棋局就清涼,1
3813,棋局就清涼昔,1
3814,局就清涼昔年,1
3815,就清涼昔年廬,1
3816,清涼昔年廬嶽,1
3817,涼昔年廬嶽閒,1
3818,昔年廬嶽閒遊,1
3819,年廬嶽閒遊日,1
3820,廬嶽閒遊日乘,1
3821,嶽閒遊日乘興,1
3822,閒遊日乘興因,1
3823,遊日乘興因尋,1
3824,日乘興因尋物,1
3825,乘興因尋物外,1
3826,興因尋物外僧,1
3827,因尋物外僧寄,1
3828,尋物外僧寄宿,1
3829,物外僧寄宿愛,1
3830,外僧寄宿愛聽,1
3831,僧寄宿愛聽松,1
3832,寄宿愛聽松葉,1
3833,宿愛聽松葉雨,1
3834,愛聽松葉雨論,1
3835,聽松葉雨論詩,1
3836,松葉雨論詩惟,1
3837,葉雨論詩惟對,1
3838,雨論詩惟對竹,1
3839,論詩惟對竹窗,1
3840,詩惟對竹窗燈,1
3841,惟對竹窗燈各,1
3842,對竹窗燈各拘,1
3843,竹窗燈各拘片,1
3844,窗燈各拘片祿,1
3845,燈各拘片祿尋,1
3846,各拘片祿尋分,1
3847,拘片祿尋分別,1
3848,片祿尋分別高,1
3849,祿尋分別高謝,1
3850,尋分別高謝浮,1
3851,分別高謝浮名,1
3852,別高謝浮名竟,1
3853,高謝浮名竟未,1
3854,謝浮名竟未能,1
3855,浮名竟未能一,1
3856,名竟未能一念,1
3857,竟未能一念支,1
3858,未能一念支公,1
3859,能一念支公安,1
3860,一念支公安可,1
3861,念支公安可見,1
3862,支公安可見影,1
3863,公安可見影堂,1
3864,安可見影堂何,1
3865,可見影堂何處,1
3866,見影堂何處暮,1
3867,影堂何處暮雲,1
3868,堂何處暮雲凝,1
3869,何處暮雲凝性,1
3870,處暮雲凝性拙,1
3871,暮雲凝性拙才,1
3872,雲凝性拙才非,1
3873,凝性拙才非逸,1
3874,性拙才非逸同,1
3875,拙才非逸同心,1
3876,才非逸同心友,1
3877,非逸同心友亦,1
3878,逸同心友亦稀,1
3879,同心友亦稀風,1
3880,心友亦稀風昏,1
3881,友亦稀風昏秋,1
3882,亦稀風昏秋病,1
3883,稀風昏秋病眼,1
3884,風昏秋病眼霜,1
3885,昏秋病眼霜濕,1
3886,秋病眼霜濕夜,1
3887,病眼霜濕夜吟,1
3888,眼霜濕夜吟衣,1
3889,霜濕夜吟衣鶯,1
3890,濕夜吟衣鶯穀,1
3891,夜吟衣鶯穀期,1
3892,吟衣鶯穀期猶,1
3893,衣鶯穀期猶負,1
3894,鶯穀期猶負蘭,1
3895,穀期猶負蘭陔,1
3896,期猶負蘭陔養,1
3897,猶負蘭陔養不,1
3898,負蘭陔養不違,1
3899,蘭陔養不違吾,1
3900,陔養不違吾師,1
3901,養不違吾師惠,1
3902,不違吾師惠佳,1
3903,違吾師惠佳句,1
3904,吾師惠佳句勝,1
3905,師惠佳句勝得,1
3906,惠佳句勝得楚,1
3907,佳句勝得楚金,1
3908,句勝得楚金歸,1
3909,勝得楚金歸年,1
3910,得楚金歸年年,1
3911,楚金歸年年三,1
3912,金歸年年三月,1
3913,歸年年三月暮,1
3914,年年三月暮無,1
3915,年三月暮無計,1
3916,三月暮無計惜,1
3917,月暮無計惜殘,1
3918,暮無計惜殘紅,1
3919,無計惜殘紅酷,1
3920,計惜殘紅酷恨,1
3921,惜殘紅酷恨西,1
3922,殘紅酷恨西園,1
3923,紅酷恨西園雨,1
3924,酷恨西園雨生,1
3925,恨西園雨生憎,1
3926,西園雨生憎南,1
3927,園雨生憎南陌,1
3928,雨生憎南陌風,1
3929,生憎南陌風片,1
3930,憎南陌風片隨,1
3931,南陌風片隨流,1
3932,陌風片隨流水,1
3933,風片隨流水遠,1
3934,片隨流水遠色,1
3935,隨流水遠色逐,1
3936,流水遠色逐斷,1
3937,水遠色逐斷霞,1
3938,遠色逐斷霞空,1
3939,色逐斷霞空悵,1
3940,逐斷霞空悵望,1
3941,斷霞空悵望叢,1
3942,霞空悵望叢林,1
3943,空悵望叢林下,1
3944,悵望叢林下悠,1
3945,望叢林下悠悠,1
3946,叢林下悠悠飲,1
3947,林下悠悠飲興,1
3948,下悠悠飲興窮,1
3949,悠悠飲興窮折,1
3950,悠飲興窮折向,1
3951,飲興窮折向離,1
3952,興窮折向離亭,1
3953,窮折向離亭畔,1
3954,折向離亭畔春,1
3955,向離亭畔春光,1
3956,離亭畔春光滿,1
3957,亭畔春光滿手,1
3958,畔春光滿手生,1
3959,春光滿手生群,1
3960,光滿手生群花,1
3961,滿手生群花豈,1
3962,手生群花豈無,1
3963,生群花豈無豔,1
3964,群花豈無豔柔,1
3965,花豈無豔柔質,1
3966,豈無豔柔質自,1
3967,無豔柔質自多,1
3968,豔柔質自多情,1
3969,柔質自多情夾,1
3970,質自多情夾岸,1
3971,自多情夾岸籠,1
3972,多情夾岸籠溪,1
3973,情夾岸籠溪月,1
3974,夾岸籠溪月兼,1
3975,岸籠溪月兼風,1
3976,籠溪月兼風撼,1
3977,溪月兼風撼野,1
3978,月兼風撼野鶯,1
3979,兼風撼野鶯隋,1
3980,風撼野鶯隋堤,1
3981,撼野鶯隋堤三,1
3982,野鶯隋堤三月,1
3983,鶯隋堤三月暮,1
3984,隋堤三月暮飛,1
3985,堤三月暮飛絮,1
3986,三月暮飛絮想,1
3987,月暮飛絮想縱,1
3988,暮飛絮想縱橫,1
3989,飛絮想縱橫雖,1
3990,絮想縱橫雖寄,1
3991,想縱橫雖寄上,1
3992,縱橫雖寄上都,1
3993,橫雖寄上都眠,1
3994,雖寄上都眠竹,1
3995,寄上都眠竹寺,1
3996,上都眠竹寺逸,1
3997,都眠竹寺逸情,1
3998,眠竹寺逸情終,1
3999,竹寺逸情終憶,1
4000,寺逸情終憶白,1
4001,逸情終憶白雲,1
4002,情終憶白雲端,1
4003,終憶白雲端閑,1
4004,憶白雲端閑登,1
4005,白雲端閑登鐘,1
4006,雲端閑登鐘阜,1
4007,端閑登鐘阜林,1
4008,閑登鐘阜林泉,1
4009,登鐘阜林泉晚,1
4010,鐘阜林泉晚夢,1
4011,阜林泉晚夢去,1
4012,林泉晚夢去沃,1
4013,泉晚夢去沃洲,1
4014,晚夢去沃洲風,1
4015,夢去沃洲風雨,1
4016,去沃洲風雨寒,1
4017,沃洲風雨寒新,1
4018,洲風雨寒新試,1
4019,風雨寒新試茶,1
4020,雨寒新試茶經,1
4021,寒新試茶經煎,1
4022,新試茶經煎有,1
4023,試茶經煎有興,1
4024,茶經煎有興舊,1
4025,經煎有興舊嬰,1
4026,煎有興舊嬰詩,1
4027,有興舊嬰詩病,1
4028,興舊嬰詩病舍,1
4029,舊嬰詩病舍終,1
4030,嬰詩病舍終難,1
4031,詩病舍終難常,1
4032,病舍終難常聞,1
4033,舍終難常聞秋,1
4034,終難常聞秋夕,1
4035,難常聞秋夕多,1
4036,常聞秋夕多無,1
4037,聞秋夕多無寐,1
4038,秋夕多無寐月,1
4039,夕多無寐月在,1
4040,多無寐月在高,1
4041,無寐月在高臺,1
4042,寐月在高臺獨,1
4043,月在高臺獨憑,1
4044,在高臺獨憑欄,1
4045,高臺獨憑欄病,1
4046,臺獨憑欄病後,1
4047,獨憑欄病後霜,1
4048,憑欄病後霜髭,1
4049,欄病後霜髭出,1
4050,病後霜髭出衡,1
4051,後霜髭出衡門,1
4052,霜髭出衡門寂,1
4053,髭出衡門寂寞,1
4054,出衡門寂寞中,1
4055,衡門寂寞中蠹,1
4056,門寂寞中蠹侵,1
4057,寂寞中蠹侵書,1
4058,寞中蠹侵書帙,1
4059,中蠹侵書帙損,1
4060,蠹侵書帙損塵,1
4061,侵書帙損塵覆,1
4062,書帙損塵覆酒,1
4063,帙損塵覆酒樽,1
4064,損塵覆酒樽空,1
4065,塵覆酒樽空池,1
4066,覆酒樽空池暗,1
4067,酒樽空池暗菰,1
4068,樽空池暗菰蒲,1
4069,空池暗菰蒲雨,1
4070,池暗菰蒲雨徑,1
4071,暗菰蒲雨徑香,1
4072,菰蒲雨徑香蘭,1
4073,蒲雨徑香蘭蕙,1
4074,雨徑香蘭蕙風,1
4075,徑香蘭蕙風幽,1
4076,香蘭蕙風幽閒,1
4077,蘭蕙風幽閒已,1
4078,蕙風幽閒已得,1
4079,風幽閒已得趣,1
4080,幽閒已得趣不,1
4081,閒已得趣不見,1
4082,已得趣不見蔔,1
4083,得趣不見蔔窮,1
4084,趣不見蔔窮通,1
4085,不見蔔窮通筇,1
4086,見蔔窮通筇杖,1
4087,蔔窮通筇杖擔,1
4088,窮通筇杖擔琴,1
4089,通筇杖擔琴背,1
4090,筇杖擔琴背俗,1
4091,杖擔琴背俗塵,1
4092,擔琴背俗塵路,1
4093,琴背俗塵路尋,1
4094,背俗塵路尋茅,1
4095,俗塵路尋茅嶺,1
4096,塵路尋茅嶺有,1
4097,路尋茅嶺有誰,1
4098,尋茅嶺有誰群,1
4099,茅嶺有誰群仙,1
4100,嶺有誰群仙翁,1
4101,有誰群仙翁物,1
4102,誰群仙翁物外,1
4103,群仙翁物外應,1
4104,仙翁物外應相,1
4105,翁物外應相遇,1
4106,物外應相遇靈,1
4107,外應相遇靈藥,1
4108,應相遇靈藥壺,1
4109,相遇靈藥壺中,1
4110,遇靈藥壺中必,1
4111,靈藥壺中必許,1
4112,藥壺中必許分,1
4113,壺中必許分香,1
4114,中必許分香入,1
4115,必許分香入肌,1
4116,許分香入肌膚,1
4117,分香入肌膚花,1
4118,香入肌膚花洞,1
4119,入肌膚花洞酒,1
4120,肌膚花洞酒冷,1
4121,膚花洞酒冷侵,1
4122,花洞酒冷侵魂,1
4123,洞酒冷侵魂夢,1
4124,酒冷侵魂夢石,1
4125,冷侵魂夢石床,1
4126,侵魂夢石床雲,1
4127,魂夢石床雲伊,1
4128,夢石床雲伊予,1
4129,石床雲伊予亦,1
4130,床雲伊予亦有,1
4131,雲伊予亦有朝,1
4132,伊予亦有朝修,1
4133,予亦有朝修志,1
4134,亦有朝修志異,1
4135,有朝修志異日,1
4136,朝修志異日遨,1
4137,修志異日遨遊,1
4138,志異日遨遊願,1
4139,異日遨遊願見,1
4140,日遨遊願見君,1
4141,遨遊願見君君,1
4142,遊願見君君家,1
4143,願見君君家池,1
4144,見君君家池閣,1
4145,君君家池閣靜,1
4146,君家池閣靜一,1
4147,家池閣靜一到,1
4148,池閣靜一到且,1
4149,閣靜一到且淹,1
4150,靜一到且淹留,1
4151,一到且淹留坐,1
4152,到且淹留坐聽,1
4153,且淹留坐聽蒹,1
4154,淹留坐聽蒹葭,1
4155,留坐聽蒹葭雨,1
4156,坐聽蒹葭雨如,1
4157,聽蒹葭雨如看,1
4158,蒹葭雨如看島,1
4159,葭雨如看島嶼,1
4160,雨如看島嶼秋,1
4161,如看島嶼秋杯,1
4162,看島嶼秋杯盤,1
4163,島嶼秋杯盤深,1
4164,嶼秋杯盤深有,1
4165,秋杯盤深有興,1
4166,杯盤深有興吟,1
4167,盤深有興吟笑,1
4168,深有興吟笑迥,1
4169,有興吟笑迥忘,1
4170,興吟笑迥忘憂,1
4171,吟笑迥忘憂更,1
4172,笑迥忘憂更愛,1
4173,迥忘憂更愛幽,1
4174,忘憂更愛幽奇,1
4175,憂更愛幽奇處,1
4176,更愛幽奇處雙,1
4177,愛幽奇處雙雙,1
4178,幽奇處雙雙下,1
4179,奇處雙雙下野,1
4180,處雙雙下野鷗,1
4181,雙雙下野鷗影,1
4182,雙下野鷗影未,1
4183,下野鷗影未沈,1
4184,野鷗影未沈山,1
4185,鷗影未沈山水,1
4186,影未沈山水面,1
4187,未沈山水面紅,1
4188,沈山水面紅遙,1
4189,山水面紅遙天,1
4190,水面紅遙天雨,1
4191,面紅遙天雨過,1
4192,紅遙天雨過促,1
4193,遙天雨過促征,1
4194,天雨過促征鴻,1
4195,雨過促征鴻魂,1
4196,過促征鴻魂銷,1
4197,促征鴻魂銷舉,1
4198,征鴻魂銷舉子,1
4199,鴻魂銷舉子不,1
4200,魂銷舉子不回,1
4201,銷舉子不回首,1
4202,舉子不回首閑,1
4203,子不回首閑照,1
4204,不回首閑照槐,1
4205,回首閑照槐花,1
4206,首閑照槐花驛,1
4207,閑照槐花驛路,1
4208,照槐花驛路中,1
4209,槐花驛路中流,1
4210,花驛路中流品,1
4211,驛路中流品是,1
4212,路中流品是鴛,1
4213,中流品是鴛鴦,1
4214,流品是鴛鴦翻,1
4215,品是鴛鴦翻飛,1
4216,是鴛鴦翻飛雲,1
4217,鴛鴦翻飛雲水,1
4218,鴦翻飛雲水鄉,1
4219,翻飛雲水鄉風,1
4220,飛雲水鄉風高,1
4221,雲水鄉風高離,1
4222,水鄉風高離極,1
4223,鄉風高離極浦,1
4224,風高離極浦煙,1
4225,高離極浦煙暝,1
4226,離極浦煙暝下,1
4227,極浦煙暝下方,1
4228,浦煙暝下方塘,1
4229,煙暝下方塘比,1
4230,暝下方塘比鷺,1
4231,下方塘比鷺行,1
4232,方塘比鷺行藏,1
4233,塘比鷺行藏別,1
4234,比鷺行藏別穿,1
4235,鷺行藏別穿荷,1
4236,行藏別穿荷羽,1
4237,藏別穿荷羽翼,1
4238,別穿荷羽翼香,1
4239,穿荷羽翼香雙,1
4240,荷羽翼香雙雙,1
4241,羽翼香雙雙浴,1
4242,翼香雙雙浴輕,1
4243,香雙雙浴輕浪,1
4244,雙雙浴輕浪誰,1
4245,雙浴輕浪誰見,1
4246,浴輕浪誰見在,1
4247,輕浪誰見在瀟,1
4248,浪誰見在瀟湘,1
4249,誰見在瀟湘離,1
4250,見在瀟湘離思,1
4251,在瀟湘離思春,1
4252,瀟湘離思春來,1
4253,湘離思春來切,1
4254,離思春來切誰,1
4255,思春來切誰能,1
4256,春來切誰能慰,1
4257,來切誰能慰寂,1
4258,切誰能慰寂寥,1
4259,誰能慰寂寥花,1
4260,能慰寂寥花飛,1
4261,慰寂寥花飛寒,1
4262,寂寥花飛寒食,1
4263,寥花飛寒食過,1
4264,花飛寒食過雲,1
4265,飛寒食過雲重,1
4266,寒食過雲重楚,1
4267,食過雲重楚山,1
4268,過雲重楚山遙,1
4269,雲重楚山遙耿,1
4270,重楚山遙耿耿,1
4271,楚山遙耿耿夢,1
4272,山遙耿耿夢徒,1
4273,遙耿耿夢徒往,1
4274,耿耿夢徒往悠,1
4275,耿夢徒往悠悠,1
4276,夢徒往悠悠鬢,1
4277,徒往悠悠鬢易,1
4278,往悠悠鬢易凋,1
4279,悠悠鬢易凋那,1
4280,悠鬢易凋那堪,1
4281,鬢易凋那堪對,1
4282,易凋那堪對明,1
4283,凋那堪對明月,1
4284,那堪對明月獨,1
4285,堪對明月獨立,1
4286,對明月獨立水,1
4287,明月獨立水邊,1
4288,月獨立水邊橋,1
4289,獨立水邊橋冬,1
4290,立水邊橋冬至,1
4291,水邊橋冬至雖,1
4292,邊橋冬至雖雲,1
4293,橋冬至雖雲遠,1
4294,冬至雖雲遠渾,1
4295,至雖雲遠渾疑,1
4296,雖雲遠渾疑朔,1
4297,雲遠渾疑朔漠,1
4298,遠渾疑朔漠中,1
4299,渾疑朔漠中勁,1
4300,疑朔漠中勁風,1
4301,朔漠中勁風吹,1
4302,漠中勁風吹大,1
4303,中勁風吹大野,1
4304,勁風吹大野密,1
4305,風吹大野密雪,1
4306,吹大野密雪翳,1
4307,大野密雪翳高,1
4308,野密雪翳高空,1
4309,密雪翳高空泉,1
4310,雪翳高空泉凍,1
4311,翳高空泉凍如,1
4312,高空泉凍如頑,1
4313,空泉凍如頑石,1
4314,泉凍如頑石人,1
4315,凍如頑石人藏,1
4316,如頑石人藏類,1
4317,頑石人藏類蟄,1
4318,石人藏類蟄蟲,1
4319,人藏類蟄蟲豪,1
4320,藏類蟄蟲豪家,1
4321,類蟄蟲豪家應,1
4322,蟄蟲豪家應不,1
4323,蟲豪家應不覺,1
4324,豪家應不覺獸,1
4325,家應不覺獸炭,1
4326,應不覺獸炭滿,1
4327,不覺獸炭滿爐,1
4328,覺獸炭滿爐紅,1
4329,獸炭滿爐紅槐,1
4330,炭滿爐紅槐柳,1
4331,滿爐紅槐柳蟬,1
4332,爐紅槐柳蟬聲,1
4333,紅槐柳蟬聲起,1
4334,槐柳蟬聲起渡,1
4335,柳蟬聲起渡頭,1
4336,蟬聲起渡頭海,1
4337,聲起渡頭海城,1
4338,起渡頭海城孤,1
4339,渡頭海城孤客,1
4340,頭海城孤客思,1
4341,海城孤客思悠,1
4342,城孤客思悠悠,1
4343,孤客思悠悠青,1
4344,客思悠悠青雲,1
4345,思悠悠青雲展,1
4346,悠悠青雲展志,1
4347,悠青雲展志知,1
4348,青雲展志知何,1
4349,雲展志知何日,1
4350,展志知何日皓,1
4351,志知何日皓月,1
4352,知何日皓月牽,1
4353,何日皓月牽吟,1
4354,日皓月牽吟又,1
4355,皓月牽吟又入,1
4356,月牽吟又入秋,1
4357,牽吟又入秋鑒,1
4358,吟又入秋鑒裏,1
4359,又入秋鑒裏漸,1
4360,入秋鑒裏漸生,1
4361,秋鑒裏漸生潘,1
4362,鑒裏漸生潘嶽,1
4363,裏漸生潘嶽鬢,1
4364,漸生潘嶽鬢風,1
4365,生潘嶽鬢風前,1
4366,潘嶽鬢風前猶,1
4367,嶽鬢風前猶著,1
4368,鬢風前猶著卜,1
4369,風前猶著卜商,1
4370,前猶著卜商裘,1
4371,猶著卜商裘鳴,1
4372,著卜商裘鳴琴,1
4373,卜商裘鳴琴良,1
4374,商裘鳴琴良宰,1
4375,裘鳴琴良宰揮,1
4376,鳴琴良宰揮毫,1
4377,琴良宰揮毫士,1
4378,良宰揮毫士應,1
4379,宰揮毫士應笑,1
4380,揮毫士應笑蹉,1
4381,毫士應笑蹉跎,1
4382,士應笑蹉跎身,1
4383,應笑蹉跎身未,1
4384,笑蹉跎身未酬,1
4385,蹉跎身未酬疊,1
4386,跎身未酬疊石,1
4387,身未酬疊石峨,1
4388,未酬疊石峨峨,1
4389,酬疊石峨峨象,1
4390,疊石峨峨象翠,1
4391,石峨峨象翠微,1
4392,峨峨象翠微遠,1
4393,峨象翠微遠山,1
4394,象翠微遠山魂,1
4395,翠微遠山魂夢,1
4396,微遠山魂夢便,1
4397,遠山魂夢便應,1
4398,山魂夢便應稀,1
4399,魂夢便應稀從,1
4400,夢便應稀從教,1
4401,便應稀從教蘚,1
4402,應稀從教蘚長,1
4403,稀從教蘚長添,1
4404,從教蘚長添峰,1
4405,教蘚長添峰色,1
4406,蘚長添峰色好,1
4407,長添峰色好引,1
4408,添峰色好引泉,1
4409,峰色好引泉來,1
4410,色好引泉來作,1
4411,好引泉來作瀑,1
4412,引泉來作瀑飛,1
4413,泉來作瀑飛螢,1
4414,來作瀑飛螢影,1
4415,作瀑飛螢影夜,1
4416,瀑飛螢影夜攢,1
4417,飛螢影夜攢疑,1
4418,螢影夜攢疑燒,1
4419,影夜攢疑燒起,1
4420,夜攢疑燒起茶,1
4421,攢疑燒起茶煙,1
4422,疑燒起茶煙朝,1
4423,燒起茶煙朝出,1
4424,起茶煙朝出認,1
4425,茶煙朝出認雲,1
4426,煙朝出認雲歸,1
4427,朝出認雲歸知,1
4428,出認雲歸知君,1
4429,認雲歸知君創,1
4430,雲歸知君創得,1
4431,歸知君創得茲,1
4432,知君創得茲幽,1
4433,君創得茲幽致,1
4434,創得茲幽致公,1
4435,得茲幽致公退,1
4436,茲幽致公退吟,1
4437,幽致公退吟看,1
4438,致公退吟看到,1
4439,公退吟看到落,1
4440,退吟看到落暉,1
4441,吟看到落暉香,1
4442,看到落暉香塵,1
4443,到落暉香塵未,1
4444,落暉香塵未歇,1
4445,暉香塵未歇暝,1
4446,香塵未歇暝煙,1
4447,塵未歇暝煙收,1
4448,未歇暝煙收城,1
4449,歇暝煙收城滿,1
4450,暝煙收城滿笙,1
4451,煙收城滿笙歌,1
4452,收城滿笙歌事,1
4453,城滿笙歌事勝,1
4454,滿笙歌事勝遊,1
4455,笙歌事勝遊自,1
4456,歌事勝遊自是,1
4457,事勝遊自是離,1
4458,勝遊自是離人,1
4459,遊自是離人睡,1
4460,自是離人睡長,1
4461,是離人睡長早,1
4462,離人睡長早千,1
4463,人睡長早千家,1
4464,睡長早千家簾,1
4465,長早千家簾卷,1
4466,早千家簾卷月,1
4467,千家簾卷月當,1
4468,家簾卷月當樓,1
4469,簾卷月當樓又,1
4470,卷月當樓又聽,1
4471,月當樓又聽黃,1
4472,當樓又聽黃鳥,1
4473,樓又聽黃鳥綿,1
4474,又聽黃鳥綿蠻,1
4475,聽黃鳥綿蠻目,1
4476,黃鳥綿蠻目斷,1
4477,鳥綿蠻目斷家,1
4478,綿蠻目斷家鄉,1
4479,蠻目斷家鄉未,1
4480,目斷家鄉未還,1
4481,斷家鄉未還春,1
4482,家鄉未還春水,1
4483,鄉未還春水引,1
4484,未還春水引將,1
4485,還春水引將客,1
4486,春水引將客夢,1
4487,水引將客夢悠,1
4488,引將客夢悠悠,1
4489,將客夢悠悠繞,1
4490,客夢悠悠繞遍,1
4491,夢悠悠繞遍關,1
4492,悠悠繞遍關山,1
4493,悠繞遍關山門,1
4494,繞遍關山門掩,1
4495,遍關山門掩殘,1
4496,關山門掩殘花,1
4497,山門掩殘花寂,1
4498,門掩殘花寂寂,1
4499,掩殘花寂寂簾,1
4500,殘花寂寂簾垂,1
4501,花寂寂簾垂斜,1
4502,寂寂簾垂斜月,1
4503,寂簾垂斜月悠,1
4504,簾垂斜月悠悠,1
4505,垂斜月悠悠縱,1
4506,斜月悠悠縱有,1
4507,月悠悠縱有一,1
4508,悠悠縱有一庭,1
4509,悠縱有一庭萱,1
4510,縱有一庭萱草,1
4511,有一庭萱草何,1
4512,一庭萱草何曾,1
4513,庭萱草何曾與,1
4514,萱草何曾與我,1
4515,草何曾與我忘,1
4516,何曾與我忘憂,1
4517,曾與我忘憂江,1
4518,與我忘憂江邊,1
4519,我忘憂江邊候,1
4520,忘憂江邊候館,1
4521,憂江邊候館幽,1
4522,江邊候館幽汀,1
4523,邊候館幽汀鳥,1
4524,候館幽汀鳥暝,1
4525,館幽汀鳥暝煙,1
4526,幽汀鳥暝煙收,1
4527,汀鳥暝煙收客,1
4528,鳥暝煙收客思,1
4529,暝煙收客思雖,1
4530,煙收客思雖悲,1
4531,收客思雖悲月,1
4532,客思雖悲月詩,1
4533,思雖悲月詩魔,1
4534,雖悲月詩魔又,1
4535,悲月詩魔又愛,1
4536,月詩魔又愛秋,1
4537,詩魔又愛秋聲,1
4538,魔又愛秋聲名,1
4539,又愛秋聲名都,1
4540,愛秋聲名都是,1
4541,秋聲名都是幻,1
4542,聲名都是幻窮,1
4543,名都是幻窮達,1
4544,都是幻窮達未,1
4545,是幻窮達未能,1
4546,幻窮達未能憂,1
4547,窮達未能憂散,1
4548,達未能憂散逸,1
4549,未能憂散逸憐,1
4550,能憂散逸憐漁,1
4551,憂散逸憐漁父,1
4552,散逸憐漁父波,1
4553,逸憐漁父波中,1
4554,憐漁父波中漾,1
4555,漁父波中漾小,1
4556,父波中漾小舟,1
4557,波中漾小舟訟,1
4558,中漾小舟訟閑,1
4559,漾小舟訟閑征,1
4560,小舟訟閑征賦,1
4561,舟訟閑征賦畢,1
4562,訟閑征賦畢吏,1
4563,閑征賦畢吏散,1
4564,征賦畢吏散捲,1
4565,賦畢吏散捲簾,1
4566,畢吏散捲簾時,1
4567,吏散捲簾時聽,1
4568,散捲簾時聽雨,1
4569,捲簾時聽雨入,1
4570,簾時聽雨入秋,1
4571,時聽雨入秋竹,1
4572,聽雨入秋竹留,1
4573,雨入秋竹留僧,1
4574,入秋竹留僧覆,1
4575,秋竹留僧覆舊,1
4576,竹留僧覆舊棋,1
4577,留僧覆舊棋得,1
4578,僧覆舊棋得詩,1
4579,覆舊棋得詩書,1
4580,舊棋得詩書落,1
4581,棋得詩書落葉,1
4582,得詩書落葉煮,1
4583,詩書落葉煮茗,1
4584,書落葉煮茗汲,1
4585,落葉煮茗汲寒,1
4586,葉煮茗汲寒池,1
4587,煮茗汲寒池化,1
4588,茗汲寒池化俗,1
4589,汲寒池化俗功,1
4590,寒池化俗功成,1
4591,池化俗功成後,1
4592,化俗功成後煙,1
4593,俗功成後煙霄,1
4594,功成後煙霄會,1
4595,成後煙霄會有,1
4596,後煙霄會有期,1
4597,煙霄會有期控,1
4598,霄會有期控壓,1
4599,會有期控壓潯,1
4600,有期控壓潯陽,1
4601,期控壓潯陽景,1
4602,控壓潯陽景崔,1
4603,壓潯陽景崔嵬,1
4604,潯陽景崔嵬古,1
4605,陽景崔嵬古及,1
4606,景崔嵬古及今,1
4607,崔嵬古及今勢,1
4608,嵬古及今勢雄,1
4609,古及今勢雄超,1
4610,及今勢雄超地,1
4611,今勢雄超地表,1
4612,勢雄超地表翠,1
4613,雄超地表翠盛,1
4614,超地表翠盛接,1
4615,地表翠盛接天,1
4616,表翠盛接天心,1
4617,翠盛接天心湓,1
4618,盛接天心湓浦,1
4619,接天心湓浦春,1
4620,天心湓浦春煙,1
4621,心湓浦春煙列,1
4622,湓浦春煙列星,1
4623,浦春煙列星灣,1
4624,春煙列星灣晚,1
4625,煙列星灣晚景,1
4626,列星灣晚景沈,1
4627,星灣晚景沈圖,1
4628,灣晚景沈圖經,1
4629,晚景沈圖經宜,1
4630,景沈圖經宜細,1
4631,沈圖經宜細覽,1
4632,圖經宜細覽題,1
4633,經宜細覽題詠,1
4634,宜細覽題詠卒,1
4635,細覽題詠卒難,1
4636,覽題詠卒難任,1
4637,題詠卒難任靖,1
4638,詠卒難任靖節,1
4639,卒難任靖節門,1
4640,難任靖節門遙,1
4641,任靖節門遙對,1
4642,靖節門遙對庾,1
4643,節門遙對庾公,1
4644,門遙對庾公樓,1
4645,遙對庾公樓俯,1
4646,對庾公樓俯臨,1
4647,庾公樓俯臨參,1
4648,公樓俯臨參差,1
4649,樓俯臨參差含,1
4650,俯臨參差含積,1
4651,臨參差含積雪,1
4652,參差含積雪隱,1
4653,差含積雪隱映,1
4654,含積雪隱映見,1
4655,積雪隱映見歸,1
4656,雪隱映見歸禽,1
4657,隱映見歸禽峭,1
4658,映見歸禽峭拔,1
4659,見歸禽峭拔推,1
4660,歸禽峭拔推雙,1
4661,禽峭拔推雙劍,1
4662,峭拔推雙劍清,1
4663,拔推雙劍清虛,1
4664,推雙劍清虛數,1
4665,雙劍清虛數二,1
4666,劍清虛數二林,1
4667,清虛數二林白,1
4668,虛數二林白蓮,1
4669,數二林白蓮池,1
4670,二林白蓮池宛,1
4671,林白蓮池宛在,1
4672,白蓮池宛在翠,1
4673,蓮池宛在翠輦,1
4674,池宛在翠輦事,1
4675,宛在翠輦事難,1
4676,在翠輦事難尋,1
4677,翠輦事難尋天,1
4678,輦事難尋天近,1
4679,事難尋天近星,1
4680,難尋天近星河,1
4681,尋天近星河冷,1
4682,天近星河冷龍,1
4683,近星河冷龍歸,1
4684,星河冷龍歸洞,1
4685,河冷龍歸洞穴,1
4686,冷龍歸洞穴深,1
4687,龍歸洞穴深谷,1
4688,歸洞穴深谷春,1
4689,洞穴深谷春攢,1
4690,穴深谷春攢錦,1
4691,深谷春攢錦繡,1
4692,谷春攢錦繡石,1
4693,春攢錦繡石潤,1
4694,攢錦繡石潤疊,1
4695,錦繡石潤疊瓊,1
4696,繡石潤疊瓊琳,1
4697,石潤疊瓊琳玄,1
4698,潤疊瓊琳玄鶴,1
4699,疊瓊琳玄鶴傳,1
4700,瓊琳玄鶴傳仙,1
4701,琳玄鶴傳仙拜,1
4702,玄鶴傳仙拜青,1
4703,鶴傳仙拜青猿,1
4704,傳仙拜青猿伴,1
4705,仙拜青猿伴客,1
4706,拜青猿伴客吟,1
4707,青猿伴客吟泉,1
4708,猿伴客吟泉通,1
4709,伴客吟泉通九,1
4710,客吟泉通九江,1
4711,吟泉通九江遠,1
4712,泉通九江遠雲,1
4713,通九江遠雲出,1
4714,九江遠雲出幾,1
4715,江遠雲出幾州,1
4716,遠雲出幾州陰,1
4717,雲出幾州陰冬,1
4718,出幾州陰冬有,1
4719,幾州陰冬有靈,1
4720,州陰冬有靈湯,1
4721,陰冬有靈湯溢,1
4722,冬有靈湯溢夏,1
4723,有靈湯溢夏無,1
4724,靈湯溢夏無炎,1
4725,湯溢夏無炎暑,1
4726,溢夏無炎暑侵,1
4727,夏無炎暑侵他,1
4728,無炎暑侵他年,1
4729,炎暑侵他年如,1
4730,暑侵他年如遂,1
4731,侵他年如遂隱,1
4732,他年如遂隱五,1
4733,年如遂隱五老,1
4734,如遂隱五老是,1
4735,遂隱五老是知,1
4736,隱五老是知音,1
4737,五老是知音辟,1
4738,老是知音辟命,1
4739,是知音辟命羨,1
4740,知音辟命羨君,1
4741,音辟命羨君赴,1
4742,辟命羨君赴其,1
4743,命羨君赴其如,1
4744,羨君赴其如愴,1
4745,君赴其如愴別,1
4746,赴其如愴別情,1
4747,其如愴別情酒,1
4748,如愴別情酒闌,1
4749,愴別情酒闌汀,1
4750,別情酒闌汀樹,1
4751,情酒闌汀樹晚,1
4752,酒闌汀樹晚帆,1
4753,闌汀樹晚帆展,1
4754,汀樹晚帆展野,1
4755,樹晚帆展野風,1
4756,晚帆展野風生,1
4757,帆展野風生淮,1
4758,展野風生淮靜,1
4759,野風生淮靜寒,1
4760,風生淮靜寒煙,1
4761,生淮靜寒煙斂,1
4762,淮靜寒煙斂村,1
4763,靜寒煙斂村遙,1
4764,寒煙斂村遙夜,1
4765,煙斂村遙夜火,1
4766,斂村遙夜火明,1
4767,村遙夜火明醉,1
4768,遙夜火明醉沈,1
4769,夜火明醉沈朐,1
4770,火明醉沈朐嶺,1
4771,明醉沈朐嶺夢,1
4772,醉沈朐嶺夢吟,1
4773,沈朐嶺夢吟達,1
4774,朐嶺夢吟達壽,1
4775,嶺夢吟達壽春,1
4776,夢吟達壽春城,1
4777,吟達壽春城舊,1
4778,達壽春城舊友,1
4779,壽春城舊友搖,1
4780,春城舊友搖鞭,1
4781,城舊友搖鞭接,1
4782,舊友搖鞭接元,1
4783,友搖鞭接元戎,1
4784,搖鞭接元戎掃,1
4785,鞭接元戎掃榻,1
4786,接元戎掃榻迎,1
4787,元戎掃榻迎雪,1
4788,戎掃榻迎雪晴,1
4789,掃榻迎雪晴蓮,1
4790,榻迎雪晴蓮幕,1
4791,迎雪晴蓮幕啟,1
4792,雪晴蓮幕啟雲,1
4793,晴蓮幕啟雲散,1
4794,蓮幕啟雲散桂,1
4795,幕啟雲散桂山,1
4796,啟雲散桂山橫,1
4797,雲散桂山橫王,1
4798,散桂山橫王粲,1
4799,桂山橫王粲從,1
4800,山橫王粲從軍,1
4801,橫王粲從軍畫,1
4802,王粲從軍畫陳,1
4803,粲從軍畫陳琳,1
4804,從軍畫陳琳草,1
4805,軍畫陳琳草檄,1
4806,畫陳琳草檄名,1
4807,陳琳草檄名知,1
4808,琳草檄名知君,1
4809,草檄名知君提,1
4810,檄名知君提健,1
4811,名知君提健筆,1
4812,知君提健筆重,1
4813,君提健筆重振,1
4814,提健筆重振此,1
4815,健筆重振此嘉,1
4816,筆重振此嘉聲,1
4817,重振此嘉聲忽,1
4818,振此嘉聲忽聽,1
4819,此嘉聲忽聽新,1
4820,嘉聲忽聽新蟬,1
4821,聲忽聽新蟬發,1
4822,忽聽新蟬發客,1
4823,聽新蟬發客情,1
4824,新蟬發客情其,1
4825,蟬發客情其奈,1
4826,發客情其奈何,1
4827,客情其奈何西,1
4828,情其奈何西風,1
4829,其奈何西風起,1
4830,奈何西風起槐,1
4831,何西風起槐柳,1
4832,西風起槐柳故,1
4833,風起槐柳故國,1
4834,起槐柳故國阻,1
4835,槐柳故國阻煙,1
4836,柳故國阻煙波,1
4837,故國阻煙波壟,1
4838,國阻煙波壟笛,1
4839,阻煙波壟笛悲,1
4840,煙波壟笛悲猶,1
4841,波壟笛悲猶少,1
4842,壟笛悲猶少巴,1
4843,笛悲猶少巴猿,1
4844,悲猶少巴猿恨,1
4845,猶少巴猿恨未,1
4846,少巴猿恨未多,1
4847,巴猿恨未多不,1
4848,猿恨未多不知,1
4849,恨未多不知陶,1
4850,未多不知陶靖,1
4851,多不知陶靖節,1
4852,不知陶靖節還,1
4853,知陶靖節還動,1
4854,陶靖節還動此,1
4855,靖節還動此心,1
4856,節還動此心麼,1
4857,還動此心麼閑,1
4858,動此心麼閑憶,1
4859,此心麼閑憶詩,1
4860,心麼閑憶詩人,1
4861,麼閑憶詩人思,1
4862,閑憶詩人思倍,1
4863,憶詩人思倍勞,1
4864,詩人思倍勞維,1
4865,人思倍勞維舟,1
4866,思倍勞維舟清,1
4867,倍勞維舟清夜,1
4868,勞維舟清夜泥,1
4869,維舟清夜泥風,1
4870,舟清夜泥風騷,1
4871,清夜泥風騷魚,1
4872,夜泥風騷魚龍,1
4873,泥風騷魚龍不,1
4874,風騷魚龍不動,1
4875,騷魚龍不動澄,1
4876,魚龍不動澄江,1
4877,龍不動澄江遠,1
4878,不動澄江遠雲,1
4879,動澄江遠雲霧,1
4880,澄江遠雲霧皆,1
4881,江遠雲霧皆收,1
4882,遠雲霧皆收皎,1
4883,雲霧皆收皎月,1
4884,霧皆收皎月高,1
4885,皆收皎月高潮,1
4886,收皎月高潮滿,1
4887,皎月高潮滿釣,1
4888,月高潮滿釣舟,1
4889,高潮滿釣舟迷,1
4890,潮滿釣舟迷浦,1
4891,滿釣舟迷浦嶼,1
4892,釣舟迷浦嶼霜,1
4893,舟迷浦嶼霜繁,1
4894,迷浦嶼霜繁野,1
4895,浦嶼霜繁野樹,1
4896,嶼霜繁野樹叫,1
4897,霜繁野樹叫猿,1
4898,繁野樹叫猿猱,1
4899,野樹叫猿猱此,1
4900,樹叫猿猱此時,1
4901,叫猿猱此時吟,1
4902,猿猱此時吟苦,1
4903,猱此時吟苦君,1
4904,此時吟苦君知,1
4905,時吟苦君知否,1
4906,吟苦君知否雙,1
4907,苦君知否雙鬢,1
4908,君知否雙鬢從,1
4909,知否雙鬢從他,1
4910,否雙鬢從他有,1
4911,雙鬢從他有二,1
4912,鬢從他有二毛,1
4913,從他有二毛縣,1
4914,他有二毛縣庭,1
4915,有二毛縣庭無,1
4916,二毛縣庭無事,1
4917,毛縣庭無事似,1
4918,縣庭無事似山,1
4919,庭無事似山齋,1
4920,無事似山齋滿,1
4921,事似山齋滿砌,1
4922,似山齋滿砌青,1
4923,山齋滿砌青青,1
4924,齋滿砌青青旋,1
4925,滿砌青青旋長,1
4926,砌青青旋長苔,1
4927,青青旋長苔閑,1
4928,青旋長苔閑撫,1
4929,旋長苔閑撫素,1
4930,長苔閑撫素琴,1
4931,苔閑撫素琴曹,1
4932,閑撫素琴曹吏,1
4933,撫素琴曹吏散,1
4934,素琴曹吏散自,1
4935,琴曹吏散自烹,1
4936,曹吏散自烹新,1
4937,吏散自烹新茗,1
4938,散自烹新茗海,1
4939,自烹新茗海僧,1
4940,烹新茗海僧來,1
4941,新茗海僧來買,1
4942,茗海僧來買將,1
4943,海僧來買將病,1
4944,僧來買將病鶴,1
4945,來買將病鶴勞,1
4946,買將病鶴勞心,1
4947,將病鶴勞心養,1
4948,病鶴勞心養移,1
4949,鶴勞心養移得,1
4950,勞心養移得閒,1
4951,心養移得閒花,1
4952,養移得閒花用,1
4953,移得閒花用意,1
4954,得閒花用意栽,1
4955,閒花用意栽幾,1
4956,花用意栽幾度,1
4957,用意栽幾度訪,1
4958,意栽幾度訪君,1
4959,栽幾度訪君留,1
4960,幾度訪君留我,1
4961,度訪君留我醉,1
4962,訪君留我醉甕,1
4963,君留我醉甕香,1
4964,留我醉甕香皆,1
4965,我醉甕香皆值,1
4966,醉甕香皆值酒,1
4967,甕香皆值酒新,1
4968,香皆值酒新開,1
4969,皆值酒新開鵬,1
4970,值酒新開鵬霄,1
4971,酒新開鵬霄休,1
4972,新開鵬霄休歎,1
4973,開鵬霄休歎志,1
4974,鵬霄休歎志難,1
4975,霄休歎志難伸,1
4976,休歎志難伸貧,1
4977,歎志難伸貧病,1
4978,志難伸貧病雖,1
4979,難伸貧病雖縈,1
4980,伸貧病雖縈道,1
4981,貧病雖縈道且,1
4982,病雖縈道且存,1
4983,雖縈道且存阮,1
4984,縈道且存阮瑀,1
4985,道且存阮瑀不,1
4986,且存阮瑀不能,1
4987,存阮瑀不能專,1
4988,阮瑀不能專筆,1
4989,瑀不能專筆硯,1
4990,不能專筆硯嵇,1
4991,能專筆硯嵇康,1
4992,專筆硯嵇康唯,1
4993,筆硯嵇康唯要,1
4994,硯嵇康唯要樂,1
4995,嵇康唯要樂琴,1
4996,康唯要樂琴尊,1
4997,唯要樂琴尊春,1
4998,要樂琴尊春風,1
4999,樂琴尊春風滿,1
5000,琴尊春風滿院,1
5001,尊春風滿院空,1
5002,春風滿院空欹,1
5003,風滿院空欹枕,1
5004,滿院空欹枕芳,1
5005,院空欹枕芳草,1
5006,空欹枕芳草侵,1
5007,欹枕芳草侵階,1
5008,枕芳草侵階獨,1
5009,芳草侵階獨閉,1
5010,草侵階獨閉門,1
5011,侵階獨閉門劍,1
5012,階獨閉門劍有,1
5013,獨閉門劍有塵,1
5014,閉門劍有塵埃,1
5015,門劍有塵埃書,1
5016,劍有塵埃書有,1
5017,有塵埃書有蠹,1
5018,塵埃書有蠹昔,1
5019,埃書有蠹昔年,1
5020,書有蠹昔年心,1
5021,有蠹昔年心事,1
5022,蠹昔年心事共,1
5023,昔年心事共誰,1
5024,年心事共誰論,1
5025,心事共誰論懶,1
5026,事共誰論懶穿,1
5027,共誰論懶穿幽,1
5028,誰論懶穿幽徑,1
5029,論懶穿幽徑沖,1
5030,懶穿幽徑沖鳴,1
5031,穿幽徑沖鳴鳥,1
5032,幽徑沖鳴鳥忍,1
5033,徑沖鳴鳥忍踏,1
5034,沖鳴鳥忍踏清,1
5035,鳴鳥忍踏清陰,1
5036,鳥忍踏清陰損,1
5037,忍踏清陰損翠,1
5038,踏清陰損翠苔,1
5039,清陰損翠苔不,1
5040,陰損翠苔不似,1
5041,損翠苔不似閉,1
5042,翠苔不似閉門,1
5043,苔不似閉門欹,1
5044,不似閉門欹枕,1
5045,似閉門欹枕聽,1
5046,閉門欹枕聽秋,1
5047,門欹枕聽秋聲,1
5048,欹枕聽秋聲如,1
5049,枕聽秋聲如雨,1
5050,聽秋聲如雨入,1
5051,秋聲如雨入軒,1
5052,聲如雨入軒來,1
5053,如雨入軒來堪,1
5054,雨入軒來堪羨,1
5055,入軒來堪羨元,1
5056,軒來堪羨元戎,1
5057,來堪羨元戎虛,1
5058,堪羨元戎虛右,1
5059,羨元戎虛右席,1
5060,元戎虛右席便,1
5061,戎虛右席便承,1
5062,虛右席便承綸,1
5063,右席便承綸綍,1
5064,席便承綸綍起,1
5065,便承綸綍起金,1
5066,承綸綍起金台,1
5067,綸綍起金台菊,1
5068,綍起金台菊叢,1
5069,起金台菊叢憔,1
5070,金台菊叢憔悴,1
5071,台菊叢憔悴陶,1
5072,菊叢憔悴陶潛,1
5073,叢憔悴陶潛去,1
5074,憔悴陶潛去蓮,1
5075,悴陶潛去蓮幕,1
5076,陶潛去蓮幕光,1
5077,潛去蓮幕光輝,1
5078,去蓮幕光輝阮,1
5079,蓮幕光輝阮瑀,1
5080,幕光輝阮瑀來,1
5081,光輝阮瑀來好,1
5082,輝阮瑀來好向,1
5083,阮瑀來好向尊,1
5084,瑀來好向尊罍,1
5085,來好向尊罍陳,1
5086,好向尊罍陳妙,1
5087,向尊罍陳妙畫,1
5088,尊罍陳妙畫定,1
5089,罍陳妙畫定應,1
5090,陳妙畫定應書,1
5091,妙畫定應書檄,1
5092,畫定應書檄播,1
5093,定應書檄播雄,1
5094,應書檄播雄才,1
5095,書檄播雄才預,1
5096,檄播雄才預愁,1
5097,播雄才預愁別,1
5098,雄才預愁別後,1
5099,才預愁別後相,1
5100,預愁別後相思,1
5101,愁別後相思處,1
5102,別後相思處月,1
5103,後相思處月入,1
5104,相思處月入閑,1
5105,思處月入閑窗,1
5106,處月入閑窗遠,1
5107,月入閑窗遠夢,1
5108,入閑窗遠夢回,1
5109,閑窗遠夢回一,1
5110,窗遠夢回一夢,1
5111,遠夢回一夢奢,1
5112,夢回一夢奢華,1
5113,回一夢奢華去,1
5114,一夢奢華去不,1
5115,夢奢華去不還,1
5116,奢華去不還斷,1
5117,華去不還斷牆,1
5118,去不還斷牆花,1
5119,不還斷牆花發,1
5120,還斷牆花發豈,1
5121,斷牆花發豈堪,1
5122,牆花發豈堪看,1
5123,花發豈堪看玉,1
5124,發豈堪看玉纖,1
5125,豈堪看玉纖素,1
5126,堪看玉纖素綆,1
5127,看玉纖素綆知,1
5128,玉纖素綆知何,1
5129,纖素綆知何處,1
5130,素綆知何處金,1
5131,綆知何處金井,1
5132,知何處金井梧,1
5133,何處金井梧枯,1
5134,處金井梧枯碧,1
5135,金井梧枯碧甃,1
5136,井梧枯碧甃寒,1
5137,梧枯碧甃寒鸂,1
5138,枯碧甃寒鸂鶒,1
5139,碧甃寒鸂鶒雙,1
5140,甃寒鸂鶒雙飛,1
5141,寒鸂鶒雙飛下,1
5142,鸂鶒雙飛下碧,1
5143,鶒雙飛下碧流,1
5144,雙飛下碧流蓼,1
5145,飛下碧流蓼花,1
5146,下碧流蓼花蘋,1
5147,碧流蓼花蘋穗,1
5148,流蓼花蘋穗正,1
5149,蓼花蘋穗正含,1
5150,花蘋穗正含秋,1
5151,蘋穗正含秋茜,1
5152,穗正含秋茜裙,1
5153,正含秋茜裙二,1
5154,含秋茜裙二八,1
5155,秋茜裙二八採,1
5156,茜裙二八採蓮,1
5157,裙二八採蓮去,1
5158,二八採蓮去笑,1
5159,八採蓮去笑沖,1
5160,採蓮去笑沖微,1
5161,蓮去笑沖微雨,1
5162,去笑沖微雨上,1
5163,笑沖微雨上蘭,1
5164,沖微雨上蘭舟,1
5165,微雨上蘭舟多,1
5166,雨上蘭舟多難,1
5167,上蘭舟多難分,1
5168,蘭舟多難分離,1
5169,舟多難分離久,1
5170,多難分離久相,1
5171,難分離久相思,1
5172,分離久相思每,1
5173,離久相思每淚,1
5174,久相思每淚垂,1
5175,相思每淚垂夢,1
5176,思每淚垂夢歸,1
5177,每淚垂夢歸殘,1
5178,淚垂夢歸殘月,1
5179,垂夢歸殘月曉,1
5180,夢歸殘月曉信,1
5181,歸殘月曉信到,1
5182,殘月曉信到落,1
5183,月曉信到落花,1
5184,曉信到落花時,1
5185,信到落花時未,1
5186,到落花時未必,1
5187,落花時未必乖,1
5188,花時未必乖良,1
5189,時未必乖良會,1
5190,未必乖良會何,1
5191,必乖良會何當,1
5192,乖良會何當有,1
5193,良會何當有後,1
5194,會何當有後期,1
5195,何當有後期那,1
5196,當有後期那堪,1
5197,有後期那堪樓,1
5198,後期那堪樓上,1
5199,期那堪樓上望,1
5200,那堪樓上望煙,1
5201,堪樓上望煙水,1
5202,樓上望煙水接,1
5203,上望煙水接天,1
5204,望煙水接天涯,1
5205,煙水接天涯二,1
5206,水接天涯二月,1
5207,接天涯二月正,1
5208,天涯二月正綿,1
5209,涯二月正綿綿,1
5210,二月正綿綿離,1
5211,月正綿綿離情,1
5212,正綿綿離情被,1
5213,綿綿離情被爾,1
5214,綿離情被爾牽,1
5215,離情被爾牽四,1
5216,情被爾牽四郊,1
5217,被爾牽四郊初,1
5218,爾牽四郊初過,1
5219,牽四郊初過雨,1
5220,四郊初過雨萬,1
5221,郊初過雨萬里,1
5222,初過雨萬里正,1
5223,過雨萬里正鋪,1
5224,雨萬里正鋪煙,1
5225,萬里正鋪煙眷,1
5226,里正鋪煙眷戀,1
5227,正鋪煙眷戀殘,1
5228,鋪煙眷戀殘花,1
5229,煙眷戀殘花惹,1
5230,眷戀殘花惹留,1
5231,戀殘花惹留連,1
5232,殘花惹留連醉,1
5233,花惹留連醉客,1
5234,惹留連醉客眠,1
5235,留連醉客眠飄,1
5236,連醉客眠飄香,1
5237,醉客眠飄香是,1
5238,客眠飄香是杜,1
5239,眠飄香是杜若,1
5240,飄香是杜若最,1
5241,香是杜若最憶,1
5242,是杜若最憶楚,1
5243,杜若最憶楚江,1
5244,若最憶楚江邊,1
5245,最憶楚江邊千,1
5246,憶楚江邊千家,1
5247,楚江邊千家事,1
5248,江邊千家事勝,1
5249,邊千家事勝遊,1
5250,千家事勝遊景,1
5251,家事勝遊景物,1
5252,事勝遊景物可,1
5253,勝遊景物可忘,1
5254,遊景物可忘憂,1
5255,景物可忘憂水,1
5256,物可忘憂水國,1
5257,可忘憂水國樓,1
5258,忘憂水國樓臺,1
5259,憂水國樓臺晚,1
5260,水國樓臺晚春,1
5261,國樓臺晚春郊,1
5262,樓臺晚春郊煙,1
5263,臺晚春郊煙雨,1
5264,晚春郊煙雨收,1
5265,春郊煙雨收鷓,1
5266,郊煙雨收鷓鴣,1
5267,煙雨收鷓鴣啼,1
5268,雨收鷓鴣啼竹,1
5269,收鷓鴣啼竹樹,1
5270,鷓鴣啼竹樹杜,1
5271,鴣啼竹樹杜若,1
5272,啼竹樹杜若媚,1
5273,竹樹杜若媚汀,1
5274,樹杜若媚汀洲,1
5275,杜若媚汀洲永,1
5276,若媚汀洲永巷,1
5277,媚汀洲永巷歌,1
5278,汀洲永巷歌聲,1
5279,洲永巷歌聲遠,1
5280,永巷歌聲遠王,1
5281,巷歌聲遠王孫,1
5282,歌聲遠王孫會,1
5283,聲遠王孫會莫,1
5284,遠王孫會莫愁,1
5285,王孫會莫愁巷,1
5286,孫會莫愁巷深,1
5287,會莫愁巷深芳,1
5288,莫愁巷深芳草,1
5289,愁巷深芳草細,1
5290,巷深芳草細門,1
5291,深芳草細門靜,1
5292,芳草細門靜綠,1
5293,草細門靜綠楊,1
5294,細門靜綠楊低,1
5295,門靜綠楊低室,1
5296,靜綠楊低室邇,1
5297,綠楊低室邇人,1
5298,楊低室邇人何,1
5299,低室邇人何處,1
5300,室邇人何處花,1
5301,邇人何處花殘,1
5302,人何處花殘月,1
5303,何處花殘月又,1
5304,處花殘月又西,1
5305,花殘月又西武,1
5306,殘月又西武陵,1
5307,月又西武陵期,1
5308,又西武陵期已,1
5309,西武陵期已負,1
5310,武陵期已負巫,1
5311,陵期已負巫峽,1
5312,期已負巫峽夢,1
5313,已負巫峽夢終,1
5314,負巫峽夢終迷,1
5315,巫峽夢終迷獨,1
5316,峽夢終迷獨立,1
5317,夢終迷獨立銷,1
5318,終迷獨立銷魂,1
5319,迷獨立銷魂久,1
5320,獨立銷魂久雙,1
5321,立銷魂久雙雙,1
5322,銷魂久雙雙好,1
5323,魂久雙雙好鳥,1
5324,久雙雙好鳥啼,1
5325,雙雙好鳥啼相,1
5326,雙好鳥啼相思,1
5327,好鳥啼相思禁,1
5328,鳥啼相思禁煙,1
5329,啼相思禁煙近,1
5330,相思禁煙近樓,1
5331,思禁煙近樓上,1
5332,禁煙近樓上動,1
5333,煙近樓上動吟,1
5334,近樓上動吟魂,1
5335,樓上動吟魂水,1
5336,上動吟魂水國,1
5337,動吟魂水國春,1
5338,吟魂水國春寒,1
5339,魂水國春寒在,1
5340,水國春寒在人,1
5341,國春寒在人家,1
5342,春寒在人家暮,1
5343,寒在人家暮雨,1
5344,在人家暮雨昏,1
5345,人家暮雨昏朱,1
5346,家暮雨昏朱橋,1
5347,暮雨昏朱橋通,1
5348,雨昏朱橋通竹,1
5349,昏朱橋通竹樹,1
5350,朱橋通竹樹香,1
5351,橋通竹樹香徑,1
5352,通竹樹香徑匝,1
5353,竹樹香徑匝蘭,1
5354,樹香徑匝蘭蓀,1
5355,香徑匝蘭蓀安,1
5356,徑匝蘭蓀安得,1
5357,匝蘭蓀安得吾,1
5358,蘭蓀安得吾宗,1
5359,蓀安得吾宗會,1
5360,安得吾宗會高,1
5361,得吾宗會高歌,1
5362,吾宗會高歌醉,1
5363,宗會高歌醉一,1
5364,會高歌醉一尊,1
5365,高歌醉一尊自,1
5366,歌醉一尊自言,1
5367,醉一尊自言婚,1
5368,一尊自言婚嫁,1
5369,尊自言婚嫁畢,1
5370,自言婚嫁畢塵,1
5371,言婚嫁畢塵事,1
5372,婚嫁畢塵事不,1
5373,嫁畢塵事不關,1
5374,畢塵事不關心,1
5375,塵事不關心老,1
5376,事不關心老去,1
5377,不關心老去詩,1
5378,關心老去詩魔,1
5379,心老去詩魔在,1
5380,老去詩魔在春,1
5381,去詩魔在春來,1
5382,詩魔在春來酒,1
5383,魔在春來酒病,1
5384,在春來酒病深,1
5385,春來酒病深山,1
5386,來酒病深山翁,1
5387,酒病深山翁期,1
5388,病深山翁期采,1
5389,深山翁期采藥,1
5390,山翁期采藥海,1
5391,翁期采藥海月,1
5392,期采藥海月伴,1
5393,采藥海月伴鳴,1
5394,藥海月伴鳴琴,1
5395,海月伴鳴琴多,1
5396,月伴鳴琴多謝,1
5397,伴鳴琴多謝維,1
5398,鳴琴多謝維舟,1
5399,琴多謝維舟處,1
5400,多謝維舟處相,1
5401,謝維舟處相留,1
5402,維舟處相留接,1
5403,舟處相留接靜,1
5404,處相留接靜吟,1
5405,相留接靜吟竹,1
5406,留接靜吟竹軒,1
5407,接靜吟竹軒臨,1
5408,靜吟竹軒臨水,1
5409,吟竹軒臨水靜,1
5410,竹軒臨水靜無,1
5411,軒臨水靜無塵,1
5412,臨水靜無塵別,1
5413,水靜無塵別後,1
5414,靜無塵別後鳧,1
5415,無塵別後鳧鷖,1
5416,塵別後鳧鷖入,1
5417,別後鳧鷖入夢,1
5418,後鳧鷖入夢頻,1
5419,鳧鷖入夢頻杜,1
5420,鷖入夢頻杜若,1
5421,入夢頻杜若菰,1
5422,夢頻杜若菰蒲,1
5423,頻杜若菰蒲煙,1
5424,杜若菰蒲煙雨,1
5425,若菰蒲煙雨歇,1
5426,菰蒲煙雨歇一,1
5427,蒲煙雨歇一溪,1
5428,煙雨歇一溪春,1
5429,雨歇一溪春色,1
5430,歇一溪春色屬,1
5431,一溪春色屬何,1
5432,溪春色屬何人,1
5433,春色屬何人長,1
5434,色屬何人長涯,1
5435,屬何人長涯煙,1
5436,何人長涯煙水,1
5437,人長涯煙水又,1
5438,長涯煙水又含,1
5439,涯煙水又含秋,1
5440,煙水又含秋吏,1
5441,水又含秋吏散,1
5442,又含秋吏散時,1
5443,含秋吏散時時,1
5444,秋吏散時時獨,1
5445,吏散時時獨上,1
5446,散時時獨上樓,1
5447,時時獨上樓信,1
5448,時獨上樓信斷,1
5449,獨上樓信斷蘭,1
5450,上樓信斷蘭台,1
5451,樓信斷蘭台鄉,1
5452,信斷蘭台鄉國,1
5453,斷蘭台鄉國遠,1
5454,蘭台鄉國遠依,1
5455,台鄉國遠依稀,1
5456,鄉國遠依稀王,1
5457,國遠依稀王粲,1
5458,遠依稀王粲在,1
5459,依稀王粲在荊,1
5460,稀王粲在荊州,1
5461,王粲在荊州旅,1
5462,粲在荊州旅館,1
5463,在荊州旅館飄,1
5464,荊州旅館飄飄,1
5465,州旅館飄飄類,1
5466,旅館飄飄類斷,1
5467,館飄飄類斷蓬,1
5468,飄飄類斷蓬悠,1
5469,飄類斷蓬悠悠,1
5470,類斷蓬悠悠心,1
5471,斷蓬悠悠心緒,1
5472,蓬悠悠心緒有,1
5473,悠悠心緒有誰,1
5474,悠心緒有誰同,1
5475,心緒有誰同一,1
5476,緒有誰同一宵,1
5477,有誰同一宵風,1
5478,誰同一宵風雨,1
5479,同一宵風雨花,1
5480,一宵風雨花飛,1
5481,宵風雨花飛後,1
5482,風雨花飛後萬,1
5483,雨花飛後萬里,1
5484,花飛後萬里鄉,1
5485,飛後萬里鄉關,1
5486,後萬里鄉關夢,1
5487,萬里鄉關夢自,1
5488,里鄉關夢自通,1
5489,鄉關夢自通多,1
5490,關夢自通多難,1
5491,夢自通多難不,1
5492,自通多難不堪,1
5493,通多難不堪容,1
5494,多難不堪容鬢,1
5495,難不堪容鬢改,1
5496,不堪容鬢改沃,1
5497,堪容鬢改沃愁,1
5498,容鬢改沃愁惟,1
5499,鬢改沃愁惟怕,1
5500,改沃愁惟怕酒,1
5501,沃愁惟怕酒杯,1
5502,愁惟怕酒杯空,1
5503,惟怕酒杯空采,1
5504,怕酒杯空采蘭,1
5505,酒杯空采蘭扇,1
5506,杯空采蘭扇枕,1
5507,空采蘭扇枕何,1
5508,采蘭扇枕何時,1
5509,蘭扇枕何時遂,1
5510,扇枕何時遂洗,1
5511,枕何時遂洗慮,1
5512,何時遂洗慮焚,1
5513,時遂洗慮焚香,1
5514,遂洗慮焚香叩,1
5515,洗慮焚香叩上,1
5516,慮焚香叩上穹,1
5517,焚香叩上穹重,1
5518,香叩上穹重向,1
5519,叩上穹重向煙,1
5520,上穹重向煙蘿,1
5521,穹重向煙蘿省,1
5522,重向煙蘿省舊,1
5523,向煙蘿省舊遊,1
5524,煙蘿省舊遊因,1
5525,蘿省舊遊因尋,1
5526,省舊遊因尋遺,1
5527,舊遊因尋遺跡,1
5528,遊因尋遺跡想,1
5529,因尋遺跡想浮,1
5530,尋遺跡想浮丘,1
5531,遺跡想浮丘峰,1
5532,跡想浮丘峰頭,1
5533,想浮丘峰頭鶴,1
5534,浮丘峰頭鶴去,1
5535,丘峰頭鶴去三,1
5536,峰頭鶴去三清,1
5537,頭鶴去三清遠,1
5538,鶴去三清遠壇,1
5539,去三清遠壇畔,1
5540,三清遠壇畔月,1
5541,清遠壇畔月明,1
5542,遠壇畔月明千,1
5543,壇畔月明千古,1
5544,畔月明千古秋,1
5545,月明千古秋泉,1
5546,明千古秋泉落,1
5547,千古秋泉落小,1
5548,古秋泉落小池,1
5549,秋泉落小池清,1
5550,泉落小池清複,1
5551,落小池清複咽,1
5552,小池清複咽雲,1
5553,池清複咽雲從,1
5554,清複咽雲從高,1
5555,複咽雲從高嶠,1
5556,咽雲從高嶠起,1
5557,雲從高嶠起還,1
5558,從高嶠起還收,1
5559,高嶠起還收自,1
5560,嶠起還收自慚,1
5561,起還收自慚未,1
5562,還收自慚未得,1
5563,收自慚未得沖,1
5564,自慚未得沖虛,1
5565,慚未得沖虛術,1
5566,未得沖虛術白,1
5567,得沖虛術白髮,1
5568,沖虛術白髮無,1
5569,虛術白髮無情,1
5570,術白髮無情漸,1
5571,白髮無情漸滿,1
5572,髮無情漸滿頭,1
5573,無情漸滿頭飄,1
5574,情漸滿頭飄灑,1
5575,漸滿頭飄灑當,1
5576,滿頭飄灑當窮,1
5577,頭飄灑當窮巷,1
5578,飄灑當窮巷苔,1
5579,灑當窮巷苔深,1
5580,當窮巷苔深落,1
5581,窮巷苔深落葉,1
5582,巷苔深落葉鋪,1
5583,苔深落葉鋪送,1
5584,深落葉鋪送寒,1
5585,落葉鋪送寒來,1
5586,葉鋪送寒來客,1
5587,鋪送寒來客館,1
5588,送寒來客館滴,1
5589,寒來客館滴夢,1
5590,來客館滴夢在,1
5591,客館滴夢在庭,1
5592,館滴夢在庭梧,1
5593,滴夢在庭梧逼,1
5594,夢在庭梧逼砌,1
5595,在庭梧逼砌蛩,1
5596,庭梧逼砌蛩聲,1
5597,梧逼砌蛩聲斷,1
5598,逼砌蛩聲斷侵,1
5599,砌蛩聲斷侵窗,1
5600,蛩聲斷侵窗竹,1
5601,聲斷侵窗竹影,1
5602,斷侵窗竹影孤,1
5603,侵窗竹影孤遙,1
5604,窗竹影孤遙思,1
5605,竹影孤遙思漁,1
5606,影孤遙思漁叟,1
5607,孤遙思漁叟興,1
5608,遙思漁叟興蓑,1
5609,思漁叟興蓑笠,1
5610,漁叟興蓑笠在,1
5611,叟興蓑笠在江,1
5612,興蓑笠在江湖,1
5613,蓑笠在江湖竟,1
5614,笠在江湖竟日,1
5615,在江湖竟日聲,1
5616,江湖竟日聲蕭,1
5617,湖竟日聲蕭颯,1
5618,竟日聲蕭颯兼,1
5619,日聲蕭颯兼風,1
5620,聲蕭颯兼風不,1
5621,蕭颯兼風不暫,1
5622,颯兼風不暫闌,1
5623,兼風不暫闌竹,1
5624,風不暫闌竹窗,1
5625,不暫闌竹窗秋,1
5626,暫闌竹窗秋睡,1
5627,闌竹窗秋睡美,1
5628,竹窗秋睡美荻,1
5629,窗秋睡美荻浦,1
5630,秋睡美荻浦夜,1
5631,睡美荻浦夜漁,1
5632,美荻浦夜漁寒,1
5633,荻浦夜漁寒地,1
5634,浦夜漁寒地僻,1
5635,夜漁寒地僻苔,1
5636,漁寒地僻苔生,1
5637,寒地僻苔生易,1
5638,地僻苔生易林,1
5639,僻苔生易林疏,1
5640,苔生易林疏鳥,1
5641,生易林疏鳥宿,1
5642,易林疏鳥宿難,1
5643,林疏鳥宿難誰,1
5644,疏鳥宿難誰知,1
5645,鳥宿難誰知苦,1
5646,宿難誰知苦吟,1
5647,難誰知苦吟者,1
5648,誰知苦吟者坐,1
5649,知苦吟者坐聽,1
5650,苦吟者坐聽一,1
5651,吟者坐聽一燈,1
5652,者坐聽一燈殘,1
5653,坐聽一燈殘古,1
5654,聽一燈殘古觀,1
5655,一燈殘古觀寥,1
5656,燈殘古觀寥寥,1
5657,殘古觀寥寥枕,1
5658,古觀寥寥枕碧,1
5659,觀寥寥枕碧溪,1
5660,寥寥枕碧溪偶,1
5661,寥枕碧溪偶思,1
5662,枕碧溪偶思前,1
5663,碧溪偶思前事,1
5664,溪偶思前事立,1
5665,偶思前事立殘,1
5666,思前事立殘暉,1
5667,前事立殘暉漆,1
5668,事立殘暉漆園,1
5669,立殘暉漆園化,1
5670,殘暉漆園化蝶,1
5671,暉漆園化蝶名,1
5672,漆園化蝶名空,1
5673,園化蝶名空在,1
5674,化蝶名空在柱,1
5675,蝶名空在柱史,1
5676,名空在柱史猶,1
5677,空在柱史猶龍,1
5678,在柱史猶龍去,1
5679,柱史猶龍去不,1
5680,史猶龍去不歸,1
5681,猶龍去不歸丹,1
5682,龍去不歸丹井,1
5683,去不歸丹井泉,1
5684,不歸丹井泉枯,1
5685,歸丹井泉枯苔,1
5686,丹井泉枯苔鎖,1
5687,井泉枯苔鎖合,1
5688,泉枯苔鎖合醮,1
5689,枯苔鎖合醮壇,1
5690,苔鎖合醮壇松,1
5691,鎖合醮壇松折,1
5692,合醮壇松折鶴,1
5693,醮壇松折鶴來,1
5694,壇松折鶴來稀,1
5695,松折鶴來稀回,1
5696,折鶴來稀回頭,1
5697,鶴來稀回頭因,1
5698,來稀回頭因歎,1
5699,稀回頭因歎浮,1
5700,回頭因歎浮生,1
5701,頭因歎浮生事,1
5702,因歎浮生事夢,1
5703,歎浮生事夢裏,1
5704,浮生事夢裏光,1
5705,生事夢裏光陰,1
5706,事夢裏光陰疾,1
5707,夢裏光陰疾若,1
5708,裏光陰疾若飛,1
5709,光陰疾若飛無,1
5710,陰疾若飛無事,1
5711,疾若飛無事無,1
5712,若飛無事無憂,1
5713,飛無事無憂鬢,1
5714,無事無憂鬢任,1
5715,事無憂鬢任蒼,1
5716,無憂鬢任蒼濁,1
5717,憂鬢任蒼濁醪,1
5718,鬢任蒼濁醪閑,1
5719,任蒼濁醪閑酌,1
5720,蒼濁醪閑酌送,1
5721,濁醪閑酌送韶,1
5722,醪閑酌送韶光,1
5723,閑酌送韶光溟,1
5724,酌送韶光溟蒙,1
5725,送韶光溟蒙雨,1
5726,韶光溟蒙雨過,1
5727,光溟蒙雨過池,1
5728,溟蒙雨過池塘,1
5729,蒙雨過池塘暖,1
5730,雨過池塘暖狼,1
5731,過池塘暖狼藉,1
5732,池塘暖狼藉花,1
5733,塘暖狼藉花飛,1
5734,暖狼藉花飛硯,1
5735,狼藉花飛硯席,1
5736,藉花飛硯席香,1
5737,花飛硯席香好,1
5738,飛硯席香好古,1
5739,硯席香好古未,1
5740,席香好古未嘗,1
5741,香好古未嘗疏,1
5742,好古未嘗疏典,1
5743,古未嘗疏典冊,1
5744,未嘗疏典冊懸,1
5745,嘗疏典冊懸圖,1
5746,疏典冊懸圖時,1
5747,典冊懸圖時要,1
5748,冊懸圖時要看,1
5749,懸圖時要看瀟,1
5750,圖時要看瀟湘,1
5751,時要看瀟湘戀,1
5752,要看瀟湘戀君,1
5753,看瀟湘戀君清,1
5754,瀟湘戀君清話,1
5755,湘戀君清話難,1
5756,戀君清話難留,1
5757,君清話難留處,1
5758,清話難留處歸,1
5759,話難留處歸路,1
5760,難留處歸路迢,1
5761,留處歸路迢迢,1
5762,處歸路迢迢又,1
5763,歸路迢迢又夕,1
5764,路迢迢又夕陽,1
5765,迢迢又夕陽誰,1
5766,迢又夕陽誰解,1
5767,又夕陽誰解叩,1
5768,夕陽誰解叩幹,1
5769,陽誰解叩幹關,1
5770,誰解叩幹關音,1
5771,解叩幹關音容,1
5772,叩幹關音容去,1
5773,幹關音容去不,1
5774,關音容去不還,1
5775,音容去不還位,1
5776,容去不還位方,1
5777,去不還位方尊,1
5778,不還位方尊北,1
5779,還位方尊北極,1
5780,位方尊北極壽,1
5781,方尊北極壽忽,1
5782,尊北極壽忽殞,1
5783,北極壽忽殞南,1
5784,極壽忽殞南山,1
5785,壽忽殞南山鳳,1
5786,忽殞南山鳳輦,1
5787,殞南山鳳輦應,1
5788,南山鳳輦應難,1
5789,山鳳輦應難問,1
5790,鳳輦應難問龍,1
5791,輦應難問龍髯,1
5792,應難問龍髯不,1
5793,難問龍髯不可,1
5794,問龍髯不可攀,1
5795,龍髯不可攀千,1
5796,髯不可攀千秋,1
5797,不可攀千秋遺,1
5798,可攀千秋遺恨,1
5799,攀千秋遺恨處,1
5800,千秋遺恨處雲,1
5801,秋遺恨處雲物,1
5802,遺恨處雲物鎖,1
5803,恨處雲物鎖橋,1
5804,處雲物鎖橋山,1
5805,雲物鎖橋山仙,1
5806,物鎖橋山仙馭,1
5807,鎖橋山仙馭歸,1
5808,橋山仙馭歸何,1
5809,山仙馭歸何處,1
5810,仙馭歸何處蒼,1
5811,馭歸何處蒼蒼,1
5812,歸何處蒼蒼問,1
5813,何處蒼蒼問且,1
5814,處蒼蒼問且難,1
5815,蒼蒼問且難華,1
5816,蒼問且難華夷,1
5817,問且難華夷喧,1
5818,且難華夷喧道,1
5819,難華夷喧道德,1
5820,華夷喧道德陵,1
5821,夷喧道德陵壟,1
5822,喧道德陵壟葬,1
5823,道德陵壟葬衣,1
5824,德陵壟葬衣冠,1
5825,陵壟葬衣冠禦,1
5826,壟葬衣冠禦水,1
5827,葬衣冠禦水穿,1
5828,衣冠禦水穿城,1
5829,冠禦水穿城咽,1
5830,禦水穿城咽宮,1
5831,水穿城咽宮花,1
5832,穿城咽宮花泣,1
5833,城咽宮花泣露,1
5834,咽宮花泣露寒,1
5835,宮花泣露寒九,1
5836,花泣露寒九疑,1
5837,泣露寒九疑消,1
5838,露寒九疑消息,1
5839,寒九疑消息斷,1
5840,九疑消息斷空,1
5841,疑消息斷空望,1
5842,消息斷空望白,1
5843,息斷空望白雲,1
5844,斷空望白雲端,1
5845,空望白雲端煙,1
5846,望白雲端煙霞,1
5847,白雲端煙霞海,1
5848,雲端煙霞海邊,1
5849,端煙霞海邊寺,1
5850,煙霞海邊寺高,1
5851,霞海邊寺高臥,1
5852,海邊寺高臥出,1
5853,邊寺高臥出門,1
5854,寺高臥出門慵,1
5855,高臥出門慵白,1
5856,臥出門慵白日,1
5857,出門慵白日少,1
5858,門慵白日少來,1
5859,慵白日少來客,1
5860,白日少來客清,1
5861,日少來客清風,1
5862,少來客清風生,1
5863,來客清風生古,1
5864,客清風生古松,1
5865,清風生古松虛,1
5866,風生古松虛窗,1
5867,生古松虛窗從,1
5868,古松虛窗從燕,1
5869,松虛窗從燕入,1
5870,虛窗從燕入壞,1
5871,窗從燕入壞屐,1
5872,從燕入壞屐任,1
5873,燕入壞屐任苔,1
5874,入壞屐任苔封,1
5875,壞屐任苔封幾,1
5876,屐任苔封幾度,1
5877,任苔封幾度陪,1
5878,苔封幾度陪師,1
5879,封幾度陪師話,1
5880,幾度陪師話相,1
5881,度陪師話相留,1
5882,陪師話相留到,1
5883,師話相留到暮,1
5884,話相留到暮鐘,1
5885,相留到暮鐘臥,1
5886,留到暮鐘臥病,1
5887,到暮鐘臥病當,1
5888,暮鐘臥病當秋,1
5889,鐘臥病當秋夕,1
5890,臥病當秋夕悠,1
5891,病當秋夕悠悠,1
5892,當秋夕悠悠枕,1
5893,秋夕悠悠枕上,1
5894,夕悠悠枕上情,1
5895,悠悠枕上情不,1
5896,悠枕上情不堪,1
5897,枕上情不堪拋,1
5898,上情不堪拋月,1
5899,情不堪拋月色,1
5900,不堪拋月色無,1
5901,堪拋月色無計,1
5902,拋月色無計避,1
5903,月色無計避蟲,1
5904,色無計避蟲聲,1
5905,無計避蟲聲煎,1
5906,計避蟲聲煎藥,1
5907,避蟲聲煎藥惟,1
5908,蟲聲煎藥惟憂,1
5909,聲煎藥惟憂澀,1
5910,煎藥惟憂澀停,1
5911,藥惟憂澀停燈,1
5912,惟憂澀停燈又,1
5913,憂澀停燈又怕,1
5914,澀停燈又怕明,1
5915,停燈又怕明曉,1
5916,燈又怕明曉臨,1
5917,又怕明曉臨清,1
5918,怕明曉臨清鑒,1
5919,明曉臨清鑒裏,1
5920,曉臨清鑒裏應,1
5921,臨清鑒裏應有,1
5922,清鑒裏應有白,1
5923,鑒裏應有白髭,1
5924,裏應有白髭生,1
5925,應有白髭生長,1
5926,有白髭生長憶,1
5927,白髭生長憶狂,1
5928,髭生長憶狂遊,1
5929,生長憶狂遊日,1
5930,長憶狂遊日惜,1
5931,憶狂遊日惜春,1
5932,狂遊日惜春心,1
5933,遊日惜春心恰,1
5934,日惜春心恰同,1
5935,惜春心恰同預,1
5936,春心恰同預愁,1
5937,心恰同預愁花,1
5938,恰同預愁花片,1
5939,同預愁花片落,1
5940,預愁花片落不,1
5941,愁花片落不遣,1
5942,花片落不遣酒,1
5943,片落不遣酒壺,1
5944,落不遣酒壺空,1
5945,不遣酒壺空草,1
5946,遣酒壺空草軟,1
5947,酒壺空草軟眠,1
5948,壺空草軟眠難,1
5949,空草軟眠難舍,1
5950,草軟眠難舍鶯,1
5951,軟眠難舍鶯嬌,1
5952,眠難舍鶯嬌聽,1
5953,難舍鶯嬌聽莫,1
5954,舍鶯嬌聽莫窮,1
5955,鶯嬌聽莫窮如,1
5956,嬌聽莫窮如今,1
5957,聽莫窮如今千,1
5958,莫窮如今千里,1
5959,窮如今千里隔,1
5960,如今千里隔搔,1
5961,今千里隔搔首,1
5962,千里隔搔首對,1
5963,里隔搔首對秋,1
5964,隔搔首對秋風,1
5965,搔首對秋風一,1
5966,首對秋風一作,1
5967,對秋風一作邊,1
5968,秋風一作邊城,1
5969,風一作邊城客,1
5970,一作邊城客閑,1
5971,作邊城客閑門,1
5972,邊城客閑門兩,1
5973,城客閑門兩度,1
5974,客閑門兩度春,1
5975,閑門兩度春鶯,1
5976,門兩度春鶯花,1
5977,兩度春鶯花深,1
5978,度春鶯花深院,1
5979,春鶯花深院雨,1
5980,鶯花深院雨書,1
5981,花深院雨書劍,1
5982,深院雨書劍滿,1
5983,院雨書劍滿床,1
5984,雨書劍滿床塵,1
5985,書劍滿床塵紫,1
5986,劍滿床塵紫閣,1
5987,滿床塵紫閣期,1
5988,床塵紫閣期終,1
5989,塵紫閣期終負,1
5990,紫閣期終負青,1
5991,閣期終負青雲,1
5992,期終負青雲道,1
5993,終負青雲道未,1
5994,負青雲道未伸,1
5995,青雲道未伸猶,1
5996,雲道未伸猶憐,1
5997,道未伸猶憐陶,1
5998,未伸猶憐陶靖,1
5999,伸猶憐陶靖節,1
6000,猶憐陶靖節詩,1
6001,憐陶靖節詩酒,1
6002,陶靖節詩酒每,1
6003,靖節詩酒每相,1
6004,節詩酒每相親,1
6005,詩酒每相親暮,1
6006,酒每相親暮春,1
6007,每相親暮春欄,1
6008,相親暮春欄檻,1
6009,親暮春欄檻有,1
6010,暮春欄檻有佳,1
6011,春欄檻有佳期,1
6012,欄檻有佳期公,1
6013,檻有佳期公子,1
6014,有佳期公子開,1
6015,佳期公子開顏,1
6016,期公子開顏乍,1
6017,公子開顏乍拆,1
6018,子開顏乍拆時,1
6019,開顏乍拆時翠,1
6020,顏乍拆時翠幄,1
6021,乍拆時翠幄密,1
6022,拆時翠幄密籠,1
6023,時翠幄密籠鶯,1
6024,翠幄密籠鶯未,1
6025,幄密籠鶯未識,1
6026,密籠鶯未識好,1
6027,籠鶯未識好香,1
6028,鶯未識好香難,1
6029,未識好香難掩,1
6030,識好香難掩蝶,1
6031,好香難掩蝶先,1
6032,香難掩蝶先知,1
6033,難掩蝶先知願,1
6034,掩蝶先知願陪,1
6035,蝶先知願陪妓,1
6036,先知願陪妓女,1
6037,知願陪妓女爭,1
6038,願陪妓女爭調,1
6039,陪妓女爭調樂,1
6040,妓女爭調樂欲,1
6041,女爭調樂欲賞,1
6042,爭調樂欲賞賓,1
6043,調樂欲賞賓朋,1
6044,樂欲賞賓朋預,1
6045,欲賞賓朋預課,1
6046,賞賓朋預課詩,1
6047,賓朋預課詩只,1
6048,朋預課詩只恐,1
6049,預課詩只恐卻,1
6050,課詩只恐卻隨,1
6051,詩只恐卻隨雲,1
6052,只恐卻隨雲雨,1
6053,恐卻隨雲雨去,1
6054,卻隨雲雨去來,1
6055,隨雲雨去來年,1
6056,雲雨去來年還,1
6057,雨去來年還是,1
6058,去來年還是動,1
6059,來年還是動相,1
6060,年還是動相思,1
6061,還是動相思混,1
6062,是動相思混俗,1
6063,動相思混俗從,1
6064,相思混俗從教,1
6065,思混俗從教鬢,1
6066,混俗從教鬢似,1
6067,俗從教鬢似銀,1
6068,從教鬢似銀世,1
6069,教鬢似銀世人,1
6070,鬢似銀世人無,1
6071,似銀世人無分,1
6072,銀世人無分得,1
6073,世人無分得相,1
6074,人無分得相親,1
6075,無分得相親槎,1
6076,分得相親槎流,1
6077,得相親槎流海,1
6078,相親槎流海上,1
6079,親槎流海上波,1
6080,槎流海上波濤,1
6081,流海上波濤闊,1
6082,海上波濤闊酒,1
6083,上波濤闊酒滿,1
6084,波濤闊酒滿壺,1
6085,濤闊酒滿壺中,1
6086,闊酒滿壺中天,1
6087,酒滿壺中天地,1
6088,滿壺中天地春,1
6089,壺中天地春功,1
6090,中天地春功就,1
6091,天地春功就不,1
6092,地春功就不看,1
6093,春功就不看丹,1
6094,功就不看丹灶,1
6095,就不看丹灶火,1
6096,不看丹灶火性,1
6097,看丹灶火性閒,1
6098,丹灶火性閒時,1
6099,灶火性閒時拂,1
6100,火性閒時拂玉,1
6101,性閒時拂玉琴,1
6102,閒時拂玉琴塵,1
6103,時拂玉琴塵仙,1
6104,拂玉琴塵仙家,1
6105,玉琴塵仙家變,1
6106,琴塵仙家變化,1
6107,塵仙家變化誰,1
6108,仙家變化誰能,1
6109,家變化誰能測,1
6110,變化誰能測只,1
6111,化誰能測只恐,1
6112,誰能測只恐洪,1
6113,能測只恐洪崖,1
6114,測只恐洪崖是,1
6115,只恐洪崖是此,1
6116,恐洪崖是此身,1
6117,洪崖是此身塵,1
6118,崖是此身塵昏,1
6119,是此身塵昏菱,1
6120,此身塵昏菱鑒,1
6121,身塵昏菱鑒懶,1
6122,塵昏菱鑒懶修,1
6123,昏菱鑒懶修容,1
6124,菱鑒懶修容雙,1
6125,鑒懶修容雙臉,1
6126,懶修容雙臉桃,1
6127,修容雙臉桃花,1
6128,容雙臉桃花落,1
6129,雙臉桃花落盡,1
6130,臉桃花落盡紅,1
6131,桃花落盡紅玉,1
6132,花落盡紅玉塞,1
6133,落盡紅玉塞夢,1
6134,盡紅玉塞夢歸,1
6135,紅玉塞夢歸殘,1
6136,玉塞夢歸殘燭,1
6137,塞夢歸殘燭在,1
6138,夢歸殘燭在曉,1
6139,歸殘燭在曉鶯,1
6140,殘燭在曉鶯窗,1
6141,燭在曉鶯窗外,1
6142,在曉鶯窗外囀,1
6143,曉鶯窗外囀梧,1
6144,鶯窗外囀梧桐,1
6145,窗外囀梧桐邊,1
6146,外囀梧桐邊無,1
6147,囀梧桐邊無音,1
6148,梧桐邊無音信,1
6149,桐邊無音信暗,1
6150,邊無音信暗消,1
6151,無音信暗消魂,1
6152,音信暗消魂茜,1
6153,信暗消魂茜袖,1
6154,暗消魂茜袖香,1
6155,消魂茜袖香裙,1
6156,魂茜袖香裙積,1
6157,茜袖香裙積淚,1
6158,袖香裙積淚痕,1
6159,香裙積淚痕海,1
6160,裙積淚痕海燕,1
6161,積淚痕海燕歸,1
6162,淚痕海燕歸來,1
6163,痕海燕歸來門,1
6164,海燕歸來門半,1
6165,燕歸來門半掩,1
6166,歸來門半掩悠,1
6167,來門半掩悠悠,1
6168,門半掩悠悠花,1
6169,半掩悠悠花落,1
6170,掩悠悠花落又,1
6171,悠悠花落又黃,1
6172,悠花落又黃昏,1
6173,花落又黃昏池,1
6174,落又黃昏池館,1
6175,又黃昏池館寂,1
6176,黃昏池館寂寥,1
6177,昏池館寂寥三,1
6178,池館寂寥三月,1
6179,館寂寥三月盡,1
6180,寂寥三月盡落,1
6181,寥三月盡落花,1
6182,三月盡落花重,1
6183,月盡落花重疊,1
6184,盡落花重疊蓋,1
6185,落花重疊蓋莓,1
6186,花重疊蓋莓苔,1
6187,重疊蓋莓苔惜,1
6188,疊蓋莓苔惜春,1
6189,蓋莓苔惜春眷,1
6190,莓苔惜春眷戀,1
6191,苔惜春眷戀不,1
6192,惜春眷戀不忍,1
6193,春眷戀不忍掃,1
6194,眷戀不忍掃感,1
6195,戀不忍掃感物,1
6196,不忍掃感物心,1
6197,忍掃感物心情,1
6198,掃感物心情無,1
6199,感物心情無計,1
6200,物心情無計開,1
6201,心情無計開夢,1
6202,情無計開夢斷,1
6203,無計開夢斷美,1
6204,計開夢斷美人,1
6205,開夢斷美人沈,1
6206,夢斷美人沈信,1
6207,斷美人沈信息,1
6208,美人沈信息目,1
6209,人沈信息目穿,1
6210,沈信息目穿長,1
6211,信息目穿長路,1
6212,息目穿長路倚,1
6213,目穿長路倚樓,1
6214,穿長路倚樓臺,1
6215,長路倚樓臺琅,1
6216,路倚樓臺琅玕,1
6217,倚樓臺琅玕繡,1
6218,樓臺琅玕繡段,1
6219,臺琅玕繡段安,1
6220,琅玕繡段安可,1
6221,玕繡段安可得,1
6222,繡段安可得流,1
6223,段安可得流水,1
6224,安可得流水浮,1
6225,可得流水浮雲,1
6226,得流水浮雲共,1
6227,流水浮雲共不,1
6228,水浮雲共不回,1
6229,浮雲共不回虛,1
6230,雲共不回虛樓,1
6231,共不回虛樓一,1
6232,不回虛樓一望,1
6233,回虛樓一望極,1
6234,虛樓一望極封,1
6235,樓一望極封疆,1
6236,一望極封疆積,1
6237,望極封疆積雨,1
6238,極封疆積雨晴,1
6239,封疆積雨晴來,1
6240,疆積雨晴來野,1
6241,積雨晴來野景,1
6242,雨晴來野景長,1
6243,晴來野景長水,1
6244,來野景長水接,1
6245,野景長水接海,1
6246,景長水接海門,1
6247,長水接海門鋪,1
6248,水接海門鋪遠,1
6249,接海門鋪遠色,1
6250,海門鋪遠色稻,1
6251,門鋪遠色稻連,1
6252,鋪遠色稻連京,1
6253,遠色稻連京口,1
6254,色稻連京口發,1
6255,稻連京口發秋,1
6256,連京口發秋香,1
6257,京口發秋香鳴,1
6258,口發秋香鳴蟬,1
6259,發秋香鳴蟬歷,1
6260,秋香鳴蟬歷歷,1
6261,香鳴蟬歷歷空,1
6262,鳴蟬歷歷空相,1
6263,蟬歷歷空相續,1
6264,歷歷空相續歸,1
6265,歷空相續歸鳥,1
6266,空相續歸鳥翩,1
6267,相續歸鳥翩翩,1
6268,續歸鳥翩翩自,1
6269,歸鳥翩翩自著,1
6270,鳥翩翩自著行,1
6271,翩翩自著行吟,1
6272,翩自著行吟罷,1
6273,自著行吟罷倚,1
6274,著行吟罷倚欄,1
6275,行吟罷倚欄深,1
6276,吟罷倚欄深有,1
6277,罷倚欄深有思,1
6278,倚欄深有思清,1
6279,欄深有思清風,1
6280,深有思清風留,1
6281,有思清風留我,1
6282,思清風留我到,1
6283,清風留我到斜,1
6284,風留我到斜陽,1
6285,留我到斜陽暫,1
6286,我到斜陽暫駐,1
6287,到斜陽暫駐征,1
6288,斜陽暫駐征輪,1
6289,陽暫駐征輪野,1
6290,暫駐征輪野店,1
6291,駐征輪野店間,1
6292,征輪野店間悠,1
6293,輪野店間悠悠,1
6294,野店間悠悠時,1
6295,店間悠悠時節,1
6296,間悠悠時節又,1
6297,悠悠時節又春,1
6298,悠時節又春殘,1
6299,時節又春殘落,1
6300,節又春殘落花,1
6301,又春殘落花風,1
6302,春殘落花風急,1
6303,殘落花風急宿,1
6304,落花風急宿酲,1
6305,花風急宿酲解,1
6306,風急宿酲解芳,1
6307,急宿酲解芳草,1
6308,宿酲解芳草雨,1
6309,酲解芳草雨昏,1
6310,解芳草雨昏春,1
6311,芳草雨昏春夢,1
6312,草雨昏春夢寒,1
6313,雨昏春夢寒慚,1
6314,昏春夢寒慚逐,1
6315,春夢寒慚逐利,1
6316,夢寒慚逐利名,1
6317,寒慚逐利名頭,1
6318,慚逐利名頭易,1
6319,逐利名頭易白,1
6320,利名頭易白欲,1
6321,名頭易白欲眠,1
6322,頭易白欲眠雲,1
6323,易白欲眠雲水,1
6324,白欲眠雲水志,1
6325,欲眠雲水志猶,1
6326,眠雲水志猶難,1
6327,雲水志猶難卻,1
6328,水志猶難卻憐,1
6329,志猶難卻憐村,1
6330,猶難卻憐村寺,1
6331,難卻憐村寺僧,1
6332,卻憐村寺僧相,1
6333,憐村寺僧相引,1
6334,村寺僧相引閑,1
6335,寺僧相引閑上,1
6336,僧相引閑上虛,1
6337,相引閑上虛樓,1
6338,引閑上虛樓共,1
6339,閑上虛樓共倚,1
6340,上虛樓共倚欄,1
6341,虛樓共倚欄竟,1
6342,樓共倚欄竟日,1
6343,共倚欄竟日如,1
6344,倚欄竟日如絲,1
6345,欄竟日如絲不,1
6346,竟日如絲不暫,1
6347,日如絲不暫停,1
6348,如絲不暫停莎,1
6349,絲不暫停莎階,1
6350,不暫停莎階閑,1
6351,暫停莎階閑聽,1
6352,停莎階閑聽滴,1
6353,莎階閑聽滴秋,1
6354,階閑聽滴秋聲,1
6355,閑聽滴秋聲斜,1
6356,聽滴秋聲斜飄,1
6357,滴秋聲斜飄虛,1
6358,秋聲斜飄虛閣,1
6359,聲斜飄虛閣琴,1
6360,斜飄虛閣琴書,1
6361,飄虛閣琴書潤,1
6362,虛閣琴書潤冷,1
6363,閣琴書潤冷逼,1
6364,琴書潤冷逼幽,1
6365,書潤冷逼幽窗,1
6366,潤冷逼幽窗夢,1
6367,冷逼幽窗夢寐,1
6368,逼幽窗夢寐清,1
6369,幽窗夢寐清開,1
6370,窗夢寐清開戶,1
6371,夢寐清開戶只,1
6372,寐清開戶只添,1
6373,清開戶只添搜,1
6374,開戶只添搜句,1
6375,戶只添搜句味,1
6376,只添搜句味看,1
6377,添搜句味看山,1
6378,搜句味看山還,1
6379,句味看山還阻,1
6380,味看山還阻上,1
6381,看山還阻上樓,1
6382,山還阻上樓情,1
6383,還阻上樓情遙,1
6384,阻上樓情遙知,1
6385,上樓情遙知公,1
6386,樓情遙知公退,1
6387,情遙知公退琴,1
6388,遙知公退琴堂,1
6389,知公退琴堂靜,1
6390,公退琴堂靜坐,1
6391,退琴堂靜坐對,1
6392,琴堂靜坐對蕭,1
6393,堂靜坐對蕭騷,1
6394,靜坐對蕭騷飲,1
6395,坐對蕭騷飲興,1
6396,對蕭騷飲興生,1
6397,蕭騷飲興生殘,1
6398,騷飲興生殘紅,1
6399,飲興生殘紅引,1
6400,興生殘紅引動,1
6401,生殘紅引動詩,1
6402,殘紅引動詩魔,1
6403,紅引動詩魔懷,1
6404,引動詩魔懷古,1
6405,動詩魔懷古牽,1
6406,詩魔懷古牽情,1
6407,魔懷古牽情奈,1
6408,懷古牽情奈何,1
6409,古牽情奈何半,1
6410,牽情奈何半落,1
6411,情奈何半落銅,1
6412,奈何半落銅台,1
6413,何半落銅台月,1
6414,半落銅台月曉,1
6415,落銅台月曉亂,1
6416,銅台月曉亂飄,1
6417,台月曉亂飄金,1
6418,月曉亂飄金穀,1
6419,曉亂飄金穀風,1
6420,亂飄金穀風多,1
6421,飄金穀風多悠,1
6422,金穀風多悠悠,1
6423,穀風多悠悠旋,1
6424,風多悠悠旋逐,1
6425,多悠悠旋逐流,1
6426,悠悠旋逐流水,1
6427,悠旋逐流水片,1
6428,旋逐流水片片,1
6429,逐流水片片輕,1
6430,流水片片輕粘,1
6431,水片片輕粘短,1
6432,片片輕粘短莎,1
6433,片輕粘短莎誰,1
6434,輕粘短莎誰見,1
6435,粘短莎誰見長,1
6436,短莎誰見長門,1
6437,莎誰見長門深,1
6438,誰見長門深鎖,1
6439,見長門深鎖黃,1
6440,長門深鎖黃昏,1
6441,門深鎖黃昏細,1
6442,深鎖黃昏細雨,1
6443,鎖黃昏細雨相,1
6444,黃昏細雨相和,1
6445,昏細雨相和豪,1
6446,細雨相和豪家,1
6447,雨相和豪家五,1
6448,相和豪家五色,1
6449,和豪家五色泥,1
6450,豪家五色泥香,1
6451,家五色泥香銜,1
6452,五色泥香銜得,1
6453,色泥香銜得營,1
6454,泥香銜得營巢,1
6455,香銜得營巢太,1
6456,銜得營巢太忙,1
6457,得營巢太忙喧,1
6458,營巢太忙喧覺,1
6459,巢太忙喧覺佳,1
6460,太忙喧覺佳人,1
6461,忙喧覺佳人晝,1
6462,喧覺佳人晝夢,1
6463,覺佳人晝夢雙,1
6464,佳人晝夢雙雙,1
6465,人晝夢雙雙猶,1
6466,晝夢雙雙猶在,1
6467,夢雙雙猶在雕,1
6468,雙雙猶在雕梁,1
6469,雙猶在雕梁羽,1
6470,猶在雕梁羽毛,1
6471,在雕梁羽毛特,1
6472,雕梁羽毛特異,1
6473,梁羽毛特異諸,1
6474,羽毛特異諸禽,1
6475,毛特異諸禽出,1
6476,特異諸禽出穀,1
6477,異諸禽出穀堪,1
6478,諸禽出穀堪聽,1
6479,禽出穀堪聽好,1
6480,出穀堪聽好音,1
6481,穀堪聽好音薄,1
6482,堪聽好音薄暮,1
6483,聽好音薄暮欲,1
6484,好音薄暮欲棲,1
6485,音薄暮欲棲何,1
6486,薄暮欲棲何處,1
6487,暮欲棲何處雨,1
6488,欲棲何處雨昏,1
6489,棲何處雨昏楊,1
6490,何處雨昏楊柳,1
6491,處雨昏楊柳深,1
6492,雨昏楊柳深深,1
6493,昏楊柳深深寄,1
6494,楊柳深深寄宿,1
6495,柳深深寄宿深,1
6496,深深寄宿深山,1
6497,深寄宿深山寺,1
6498,寄宿深山寺惟,1
6499,宿深山寺惟逢,1
6500,深山寺惟逢老,1
6501,山寺惟逢老病,1
6502,寺惟逢老病僧,1
6503,惟逢老病僧風,1
6504,逢老病僧風吹,1
6505,老病僧風吹幾,1
6506,病僧風吹幾世,1
6507,僧風吹幾世樹,1
6508,風吹幾世樹雲,1
6509,吹幾世樹雲暗,1
6510,幾世樹雲暗暮,1
6511,世樹雲暗暮秋,1
6512,樹雲暗暮秋燈,1
6513,雲暗暮秋燈瞑,1
6514,暗暮秋燈瞑目,1
6515,暮秋燈瞑目忘,1
6516,秋燈瞑目忘塵,1
6517,燈瞑目忘塵慮,1
6518,瞑目忘塵慮談,1
6519,目忘塵慮談空,1
6520,忘塵慮談空入,1
6521,塵慮談空入上,1
6522,慮談空入上乘,1
6523,談空入上乘明,1
6524,空入上乘明晨,1
6525,入上乘明晨返,1
6526,上乘明晨返名,1
6527,乘明晨返名路,1
6528,明晨返名路何,1
6529,晨返名路何計,1
6530,返名路何計戀,1
6531,名路何計戀南,1
6532,路何計戀南能,1
6533,何計戀南能都,1
6534,計戀南能都城,1
6535,戀南能都城分,1
6536,南能都城分別,1
6537,能都城分別後,1
6538,都城分別後海,1
6539,城分別後海嶠,1
6540,分別後海嶠夢,1
6541,別後海嶠夢魂,1
6542,後海嶠夢魂迷,1
6543,海嶠夢魂迷吟,1
6544,嶠夢魂迷吟興,1
6545,夢魂迷吟興疏,1
6546,魂迷吟興疏煙,1
6547,迷吟興疏煙月,1
6548,吟興疏煙月邊,1
6549,興疏煙月邊情,1
6550,疏煙月邊情起,1
6551,煙月邊情起鼓,1
6552,月邊情起鼓鼙,1
6553,邊情起鼓鼙戍,1
6554,情起鼓鼙戍旗,1
6555,起鼓鼙戍旗風,1
6556,鼓鼙戍旗風颭,1
6557,鼙戍旗風颭小,1
6558,戍旗風颭小營,1
6559,旗風颭小營柳,1
6560,風颭小營柳霧,1
6561,颭小營柳霧籠,1
6562,小營柳霧籠低,1
6563,營柳霧籠低草,1
6564,柳霧籠低草檄,1
6565,霧籠低草檄無,1
6566,籠低草檄無餘,1
6567,低草檄無餘刃,1
6568,草檄無餘刃難,1
6569,檄無餘刃難將,1
6570,無餘刃難將阮,1
6571,餘刃難將阮瑀,1
6572,刃難將阮瑀齊,1
6573,難將阮瑀齊袞,1
6574,將阮瑀齊袞袞,1
6575,阮瑀齊袞袞利,1
6576,瑀齊袞袞利名,1
6577,齊袞袞利名役,1
6578,袞袞利名役常,1
6579,袞利名役常嗟,1
6580,利名役常嗟聚,1
6581,名役常嗟聚會,1
6582,役常嗟聚會稀,1
6583,常嗟聚會稀有,1
6584,嗟聚會稀有心,1
6585,聚會稀有心游,1
6586,會稀有心游好,1
6587,稀有心游好景,1
6588,有心游好景無,1
6589,心游好景無術,1
6590,游好景無術駐,1
6591,好景無術駐殘,1
6592,景無術駐殘暉,1
6593,無術駐殘暉南,1
6594,術駐殘暉南陌,1
6595,駐殘暉南陌草,1
6596,殘暉南陌草爭,1
6597,暉南陌草爭茂,1
6598,南陌草爭茂西,1
6599,陌草爭茂西園,1
6600,草爭茂西園花,1
6601,爭茂西園花亂,1
6602,茂西園花亂飛,1
6603,西園花亂飛期,1
6604,園花亂飛期君,1
6605,花亂飛期君舉,1
6606,亂飛期君舉杯,1
6607,飛期君舉杯酒,1
6608,期君舉杯酒不,1
6609,君舉杯酒不醉,1
6610,舉杯酒不醉莫,1
6611,杯酒不醉莫言,1
6612,酒不醉莫言歸,1
6613,不醉莫言歸每,1
6614,醉莫言歸每恨,1
6615,莫言歸每恨多,1
6616,言歸每恨多流,1
6617,歸每恨多流落,1
6618,每恨多流落吾,1
6619,恨多流落吾徒,1
6620,多流落吾徒不,1
6621,流落吾徒不易,1
6622,落吾徒不易親,1
6623,吾徒不易親相,1
6624,徒不易親相逢,1
6625,不易親相逢千,1
6626,易親相逢千里,1
6627,親相逢千里客,1
6628,相逢千里客共,1
6629,逢千里客共醉,1
6630,千里客共醉百,1
6631,里客共醉百花,1
6632,客共醉百花春,1
6633,共醉百花春小,1
6634,醉百花春小檻,1
6635,百花春小檻山,1
6636,花春小檻山當,1
6637,春小檻山當面,1
6638,小檻山當面閑,1
6639,檻山當面閑階,1
6640,山當面閑階柳,1
6641,當面閑階柳拂,1
6642,面閑階柳拂塵,1
6643,閑階柳拂塵何,1
6644,階柳拂塵何時,1
6645,柳拂塵何時卜,1
6646,拂塵何時卜西,1
6647,塵何時卜西上,1
6648,何時卜西上明,1
6649,時卜西上明月,1
6650,卜西上明月桂,1
6651,西上明月桂枝,1
6652,上明月桂枝新,1
6653,明月桂枝新雨,1
6654,月桂枝新雨餘,1
6655,桂枝新雨餘飛,1
6656,枝新雨餘飛絮,1
6657,新雨餘飛絮亂,1
6658,雨餘飛絮亂相,1
6659,餘飛絮亂相別,1
6660,飛絮亂相別思,1
6661,絮亂相別思難,1
6662,亂相別思難任,1
6663,相別思難任酒,1
6664,別思難任酒罷,1
6665,思難任酒罷河,1
6666,難任酒罷河橋,1
6667,任酒罷河橋晚,1
6668,酒罷河橋晚帆,1
6669,罷河橋晚帆開,1
6670,河橋晚帆開煙,1
6671,橋晚帆開煙水,1
6672,晚帆開煙水深,1
6673,帆開煙水深蟾,1
6674,開煙水深蟾宮,1
6675,煙水深蟾宮須,1
6676,水深蟾宮須展,1
6677,深蟾宮須展志,1
6678,蟾宮須展志漁,1
6679,宮須展志漁艇,1
6680,須展志漁艇莫,1
6681,展志漁艇莫牽,1
6682,志漁艇莫牽心,1
6683,漁艇莫牽心岐,1
6684,艇莫牽心岐路,1
6685,莫牽心岐路從,1
6686,牽心岐路從茲,1
6687,心岐路從茲遠,1
6688,岐路從茲遠雙,1
6689,路從茲遠雙魚,1
6690,從茲遠雙魚信,1
6691,茲遠雙魚信勿,1
6692,遠雙魚信勿沈,1
6693,雙魚信勿沈偶,1
6694,魚信勿沈偶自,1
6695,信勿沈偶自山,1
6696,勿沈偶自山僧,1
6697,沈偶自山僧院,1
6698,偶自山僧院移,1
6699,自山僧院移歸,1
6700,山僧院移歸傍,1
6701,僧院移歸傍砌,1
6702,院移歸傍砌栽,1
6703,移歸傍砌栽好,1
6704,歸傍砌栽好風,1
6705,傍砌栽好風終,1
6706,砌栽好風終日,1
6707,栽好風終日起,1
6708,好風終日起幽,1
6709,風終日起幽鳥,1
6710,終日起幽鳥有,1
6711,日起幽鳥有時,1
6712,起幽鳥有時來,1
6713,幽鳥有時來篩,1
6714,鳥有時來篩月,1
6715,有時來篩月牽,1
6716,時來篩月牽詩,1
6717,來篩月牽詩興,1
6718,篩月牽詩興籠,1
6719,月牽詩興籠煙,1
6720,牽詩興籠煙伴,1
6721,詩興籠煙伴酒,1
6722,興籠煙伴酒杯,1
6723,籠煙伴酒杯南,1
6724,煙伴酒杯南窗,1
6725,伴酒杯南窗睡,1
6726,酒杯南窗睡輕,1
6727,杯南窗睡輕起,1
6728,南窗睡輕起蕭,1
6729,窗睡輕起蕭颯,1
6730,睡輕起蕭颯雨,1
6731,輕起蕭颯雨聲,1
6732,起蕭颯雨聲回,1
6733,蕭颯雨聲回已,1
6734,颯雨聲回已是,1
6735,雨聲回已是殊,1
6736,聲回已是殊鄉,1
6737,回已是殊鄉客,1
6738,已是殊鄉客送,1
6739,是殊鄉客送君,1
6740,殊鄉客送君重,1
6741,鄉客送君重慘,1
6742,客送君重慘然,1
6743,送君重慘然河,1
6744,君重慘然河橋,1
6745,重慘然河橋乍,1
6746,慘然河橋乍分,1
6747,然河橋乍分首,1
6748,河橋乍分首槐,1
6749,橋乍分首槐柳,1
6750,乍分首槐柳正,1
6751,分首槐柳正鳴,1
6752,首槐柳正鳴蟬,1
6753,槐柳正鳴蟬短,1
6754,柳正鳴蟬短棹,1
6755,正鳴蟬短棹離,1
6756,鳴蟬短棹離幽,1
6757,蟬短棹離幽浦,1
6758,短棹離幽浦孤,1
6759,棹離幽浦孤帆,1
6760,離幽浦孤帆觸,1
6761,幽浦孤帆觸遠,1
6762,浦孤帆觸遠煙,1
6763,孤帆觸遠煙清,1
6764,帆觸遠煙清朝,1
6765,觸遠煙清朝重,1
6766,遠煙清朝重文,1
6767,煙清朝重文物,1
6768,清朝重文物變,1
6769,朝重文物變化,1
6770,重文物變化莫,1
6771,文物變化莫遷,1
6772,物變化莫遷延,1
6773,變化莫遷延閑,1
6774,化莫遷延閑齋,1
6775,莫遷延閑齋病,1
6776,遷延閑齋病初,1
6777,延閑齋病初起,1
6778,閑齋病初起心,1
6779,齋病初起心緒,1
6780,病初起心緒複,1
6781,初起心緒複悠,1
6782,起心緒複悠悠,1
6783,心緒複悠悠開,1
6784,緒複悠悠開篋,1
6785,複悠悠開篋群,1
6786,悠悠開篋群書,1
6787,悠開篋群書蠹,1
6788,開篋群書蠹聽,1
6789,篋群書蠹聽蟬,1
6790,群書蠹聽蟬滿,1
6791,書蠹聽蟬滿樹,1
6792,蠹聽蟬滿樹秋,1
6793,聽蟬滿樹秋詩,1
6794,蟬滿樹秋詩魔,1
6795,滿樹秋詩魔還,1
6796,樹秋詩魔還漸,1
6797,秋詩魔還漸動,1
6798,詩魔還漸動藥,1
6799,魔還漸動藥債,1
6800,還漸動藥債未,1
6801,漸動藥債未能,1
6802,動藥債未能酬,1
6803,藥債未能酬為,1
6804,債未能酬為憶,1
6805,未能酬為憶前,1
6806,能酬為憶前山,1
6807,酬為憶前山色,1
6808,為憶前山色扶,1
6809,憶前山色扶持,1
6810,前山色扶持上,1
6811,山色扶持上小,1
6812,色扶持上小樓,1
6813,扶持上小樓送,1
6814,持上小樓送別,1
6815,上小樓送別人,1
6816,小樓送別人歸,1
6817,樓送別人歸春,1
6818,送別人歸春日,1
6819,別人歸春日斜,1
6820,人歸春日斜獨,1
6821,歸春日斜獨鞭,1
6822,春日斜獨鞭羸,1
6823,日斜獨鞭羸馬,1
6824,斜獨鞭羸馬指,1
6825,獨鞭羸馬指天,1
6826,鞭羸馬指天涯,1
6827,羸馬指天涯月,1
6828,馬指天涯月生,1
6829,指天涯月生江,1
6830,天涯月生江上,1
6831,涯月生江上鄉,1
6832,月生江上鄉心,1
6833,生江上鄉心動,1
6834,江上鄉心動投,1
6835,上鄉心動投宿,1
6836,鄉心動投宿匆,1
6837,心動投宿匆忙,1
6838,動投宿匆忙近,1
6839,投宿匆忙近酒,1
6840,宿匆忙近酒家,1
6841,匆忙近酒家極,1
6842,忙近酒家極目,1
6843,近酒家極目青,1
6844,酒家極目青青,1
6845,家極目青青壟,1
6846,極目青青壟麥,1
6847,目青青壟麥齊,1
6848,青青壟麥齊野,1
6849,青壟麥齊野塘,1
6850,壟麥齊野塘波,1
6851,麥齊野塘波闊,1
6852,齊野塘波闊下,1
6853,野塘波闊下鳧,1
6854,塘波闊下鳧鷖,1
6855,波闊下鳧鷖陽,1
6856,闊下鳧鷖陽烏,1
6857,下鳧鷖陽烏景,1
6858,鳧鷖陽烏景暖,1
6859,鷖陽烏景暖林,1
6860,陽烏景暖林桑,1
6861,烏景暖林桑密,1
6862,景暖林桑密獨,1
6863,暖林桑密獨立,1
6864,林桑密獨立閑,1
6865,桑密獨立閑聽,1
6866,密獨立閑聽戴,1
6867,獨立閑聽戴勝,1
6868,立閑聽戴勝啼,1
6869,閑聽戴勝啼位,1
6870,聽戴勝啼位望,1
6871,戴勝啼位望誰,1
6872,勝啼位望誰能,1
6873,啼位望誰能並,1
6874,位望誰能並當,1
6875,望誰能並當年,1
6876,誰能並當年志,1
6877,能並當年志已,1
6878,並當年志已伸,1
6879,當年志已伸人,1
6880,年志已伸人間,1
6881,志已伸人間傳,1
6882,已伸人間傳鳳,1
6883,伸人間傳鳳藻,1
6884,人間傳鳳藻天,1
6885,間傳鳳藻天上,1
6886,傳鳳藻天上演,1
6887,鳳藻天上演龍,1
6888,藻天上演龍綸,1
6889,天上演龍綸賈,1
6890,上演龍綸賈馬,1
6891,演龍綸賈馬才,1
6892,龍綸賈馬才無,1
6893,綸賈馬才無敵,1
6894,賈馬才無敵褒,1
6895,馬才無敵褒雄,1
6896,才無敵褒雄譽,1
6897,無敵褒雄譽益,1
6898,敵褒雄譽益臻,1
6899,褒雄譽益臻除,1
6900,雄譽益臻除奸,1
6901,譽益臻除奸深,1
6902,益臻除奸深繫,1
6903,臻除奸深繫念,1
6904,除奸深繫念致,1
6905,奸深繫念致主,1
6906,深繫念致主迥,1
6907,繫念致主迥忘,1
6908,念致主迥忘身,1
6909,致主迥忘身諫,1
6910,主迥忘身諫疏,1
6911,迥忘身諫疏縱,1
6912,忘身諫疏縱橫,1
6913,身諫疏縱橫上,1
6914,諫疏縱橫上危,1
6915,疏縱橫上危言,1
6916,縱橫上危言果,1
6917,橫上危言果敢,1
6918,上危言果敢陳,1
6919,危言果敢陳忠,1
6920,言果敢陳忠貞,1
6921,果敢陳忠貞雖,1
6922,敢陳忠貞雖貫,1
6923,陳忠貞雖貫世,1
6924,忠貞雖貫世消,1
6925,貞雖貫世消長,1
6926,雖貫世消長豈,1
6927,貫世消長豈由,1
6928,世消長豈由人,1
6929,消長豈由人慷,1
6930,長豈由人慷慨,1
6931,豈由人慷慨辭,1
6932,由人慷慨辭朝,1
6933,人慷慨辭朝闕,1
6934,慷慨辭朝闕迢,1
6935,慨辭朝闕迢遙,1
6936,辭朝闕迢遙涉,1
6937,朝闕迢遙涉路,1
6938,闕迢遙涉路塵,1
6939,迢遙涉路塵千,1
6940,遙涉路塵千山,1
6941,涉路塵千山明,1
6942,路塵千山明夕,1
6943,塵千山明夕照,1
6944,千山明夕照孤,1
6945,山明夕照孤棹,1
6946,明夕照孤棹渡,1
6947,夕照孤棹渡長,1
6948,照孤棹渡長津,1
6949,孤棹渡長津杜,1
6950,棹渡長津杜宇,1
6951,渡長津杜宇聲,1
6952,長津杜宇聲方,1
6953,津杜宇聲方切,1
6954,杜宇聲方切江,1
6955,宇聲方切江蘺,1
6956,聲方切江蘺色,1
6957,方切江蘺色正,1
6958,切江蘺色正新,1
6959,江蘺色正新卷,1
6960,蘺色正新卷舒,1
6961,色正新卷舒唯,1
6962,正新卷舒唯合,1
6963,新卷舒唯合道,1
6964,卷舒唯合道喜,1
6965,舒唯合道喜慍,1
6966,唯合道喜慍不,1
6967,合道喜慍不勞,1
6968,道喜慍不勞神,1
6969,喜慍不勞神禪,1
6970,慍不勞神禪客,1
6971,不勞神禪客陪,1
6972,勞神禪客陪清,1
6973,神禪客陪清論,1
6974,禪客陪清論漁,1
6975,客陪清論漁翁,1
6976,陪清論漁翁作,1
6977,清論漁翁作近,1
6978,論漁翁作近鄰,1
6979,漁翁作近鄰靜,1
6980,翁作近鄰靜吟,1
6981,作近鄰靜吟窮,1
6982,近鄰靜吟窮野,1
6983,鄰靜吟窮野景,1
6984,靜吟窮野景狂,1
6985,吟窮野景狂醉,1
6986,窮野景狂醉養,1
6987,野景狂醉養天,1
6988,景狂醉養天真,1
6989,狂醉養天真格,1
6990,醉養天真格論,1
6991,養天真格論思,1
6992,天真格論思名,1
6993,真格論思名士,1
6994,格論思名士輿,1
6995,論思名士輿情,1
6996,思名士輿情渴,1
6997,名士輿情渴直,1
6998,士輿情渴直臣,1
6999,輿情渴直臣九,1
7000,情渴直臣九霄,1
7001,渴直臣九霄恩,1
7002,直臣九霄恩複,1
7003,臣九霄恩複降,1
7004,九霄恩複降比,1
7005,霄恩複降比戶,1
7006,恩複降比戶意,1
7007,複降比戶意皆,1
7008,降比戶意皆忻,1
7009,比戶意皆忻卻,1
7010,戶意皆忻卻入,1
7011,意皆忻卻入鴛,1
7012,皆忻卻入鴛鸞,1
7013,忻卻入鴛鸞序,1
7014,卻入鴛鸞序終,1
7015,入鴛鸞序終身,1
7016,鴛鸞序終身顧,1
7017,鸞序終身顧問,1
7018,序終身顧問頻,1
7019,終身顧問頻漏,1
7020,身顧問頻漏殘,1
7021,顧問頻漏殘丹,1
7022,問頻漏殘丹禁,1
7023,頻漏殘丹禁曉,1
7024,漏殘丹禁曉日,1
7025,殘丹禁曉日暖,1
7026,丹禁曉日暖玉,1
7027,禁曉日暖玉墀,1
7028,曉日暖玉墀春,1
7029,日暖玉墀春鑒,1
7030,暖玉墀春鑒物,1
7031,玉墀春鑒物心,1
7032,墀春鑒物心如,1
7033,春鑒物心如水,1
7034,鑒物心如水憂,1
7035,物心如水憂時,1
7036,心如水憂時鬢,1
7037,如水憂時鬢若,1
7038,水憂時鬢若銀,1
7039,憂時鬢若銀惟,1
7040,時鬢若銀惟期,1
7041,鬢若銀惟期康,1
7042,若銀惟期康庶,1
7043,銀惟期康庶事,1
7044,惟期康庶事永,1
7045,期康庶事永要,1
7046,康庶事永要敘,1
7047,庶事永要敘彝,1
7048,事永要敘彝倫,1
7049,永要敘彝倫貴,1
7050,要敘彝倫貴賤,1
7051,敘彝倫貴賤知,1
7052,彝倫貴賤知無,1
7053,倫貴賤知無間,1
7054,貴賤知無間孤,1
7055,賤知無間孤寒,1
7056,知無間孤寒必,1
7057,無間孤寒必許,1
7058,間孤寒必許親,1
7059,孤寒必許親幾,1
7060,寒必許親幾多,1
7061,必許親幾多沈,1
7062,許親幾多沈滯,1
7063,親幾多沈滯者,1
7064,幾多沈滯者拭,1
7065,多沈滯者拭目,1
7066,沈滯者拭目望,1
7067,滯者拭目望陶,1
7068,者拭目望陶鈞,1
7069,拭目望陶鈞仙,1
7070,目望陶鈞仙桂,1
7071,望陶鈞仙桂從,1
7072,陶鈞仙桂從攀,1
7073,鈞仙桂從攀後,1
7074,仙桂從攀後人,1
7075,桂從攀後人間,1
7076,從攀後人間播,1
7077,攀後人間播大,1
7078,後人間播大名,1
7079,人間播大名飛,1
7080,間播大名飛騰,1
7081,播大名飛騰諧,1
7082,大名飛騰諧素,1
7083,名飛騰諧素志,1
7084,飛騰諧素志霄,1
7085,騰諧素志霄漢,1
7086,諧素志霄漢是,1
7087,素志霄漢是前,1
7088,志霄漢是前程,1
7089,霄漢是前程持,1
7090,漢是前程持憲,1
7091,是前程持憲威,1
7092,前程持憲威聲,1
7093,程持憲威聲振,1
7094,持憲威聲振司,1
7095,憲威聲振司言,1
7096,威聲振司言品,1
7097,聲振司言品秩,1
7098,振司言品秩清,1
7099,司言品秩清簾,1
7100,言品秩清簾開,1
7101,品秩清簾開春,1
7102,秩清簾開春酒,1
7103,清簾開春酒醒,1
7104,簾開春酒醒月,1
7105,開春酒醒月上,1
7106,春酒醒月上草,1
7107,酒醒月上草麻,1
7108,醒月上草麻成,1
7109,月上草麻成丹,1
7110,上草麻成丹陛,1
7111,草麻成丹陛淩,1
7112,麻成丹陛淩晨,1
7113,成丹陛淩晨對,1
7114,丹陛淩晨對青,1
7115,陛淩晨對青雲,1
7116,淩晨對青雲逐,1
7117,晨對青雲逐步,1
7118,對青雲逐步生,1
7119,青雲逐步生照,1
7120,雲逐步生照人,1
7121,逐步生照人裴,1
7122,步生照人裴玉,1
7123,生照人裴玉瑩,1
7124,照人裴玉瑩鑒,1
7125,人裴玉瑩鑒物,1
7126,裴玉瑩鑒物憲,1
7127,玉瑩鑒物憲陂,1
7128,瑩鑒物憲陂明,1
7129,鑒物憲陂明下,1
7130,物憲陂明下直,1
7131,憲陂明下直無,1
7132,陂明下直無他,1
7133,明下直無他事,1
7134,下直無他事閒,1
7135,直無他事閒遊,1
7136,無他事閒遊恣,1
7137,他事閒遊恣逸,1
7138,事閒遊恣逸情,1
7139,閒遊恣逸情林,1
7140,遊恣逸情林僧,1
7141,恣逸情林僧開,1
7142,逸情林僧開戶,1
7143,情林僧開戶接,1
7144,林僧開戶接溪,1
7145,僧開戶接溪叟,1
7146,開戶接溪叟掃,1
7147,戶接溪叟掃苔,1
7148,接溪叟掃苔迎,1
7149,溪叟掃苔迎煮,1
7150,叟掃苔迎煮茗,1
7151,掃苔迎煮茗山,1
7152,苔迎煮茗山房,1
7153,迎煮茗山房冷,1
7154,煮茗山房冷垂,1
7155,茗山房冷垂綸,1
7156,山房冷垂綸野,1
7157,房冷垂綸野艇,1
7158,冷垂綸野艇輕,1
7159,垂綸野艇輕神,1
7160,綸野艇輕神清,1
7161,野艇輕神清宜,1
7162,艇輕神清宜放,1
7163,輕神清宜放曠,1
7164,神清宜放曠詩,1
7165,清宜放曠詩苦,1
7166,宜放曠詩苦益,1
7167,放曠詩苦益縱,1
7168,曠詩苦益縱橫,1
7169,詩苦益縱橫餘,1
7170,苦益縱橫餘刃,1
7171,益縱橫餘刃時,1
7172,縱橫餘刃時皆,1
7173,橫餘刃時皆仰,1
7174,餘刃時皆仰嘉,1
7175,刃時皆仰嘉謀,1
7176,時皆仰嘉謀眾,1
7177,皆仰嘉謀眾佇,1
7178,仰嘉謀眾佇行,1
7179,嘉謀眾佇行四,1
7180,謀眾佇行四方,1
7181,眾佇行四方觀,1
7182,佇行四方觀啟,1
7183,行四方觀啟沃,1
7184,四方觀啟沃畢,1
7185,方觀啟沃畢竟,1
7186,觀啟沃畢竟念,1
7187,啟沃畢竟念孤,1
7188,沃畢竟念孤平,1
7189,畢竟念孤平宋,1
7190,竟念孤平宋玉,1
7191,念孤平宋玉逢,1
7192,孤平宋玉逢秋,1
7193,平宋玉逢秋何,1
7194,宋玉逢秋何起,1
7195,玉逢秋何起悲,1
7196,逢秋何起悲新,1
7197,秋何起悲新恩,1
7198,何起悲新恩委,1
7199,起悲新恩委寄,1
7200,悲新恩委寄好,1
7201,新恩委寄好開,1
7202,恩委寄好開眉,1
7203,委寄好開眉班,1
7204,寄好開眉班升,1
7205,好開眉班升鴛,1
7206,開眉班升鴛鷺,1
7207,眉班升鴛鷺頻,1
7208,班升鴛鷺頻經,1
7209,升鴛鷺頻經歲,1
7210,鴛鷺頻經歲任,1
7211,鷺頻經歲任佐,1
7212,頻經歲任佐龔,1
7213,經歲任佐龔黃,1
7214,歲任佐龔黃必,1
7215,任佐龔黃必暫,1
7216,佐龔黃必暫時,1
7217,龔黃必暫時乍,1
7218,黃必暫時乍對,1
7219,必暫時乍對煙,1
7220,暫時乍對煙霞,1
7221,時乍對煙霞吟,1
7222,乍對煙霞吟海,1
7223,對煙霞吟海嶠,1
7224,煙霞吟海嶠應,1
7225,霞吟海嶠應思,1
7226,吟海嶠應思蘋,1
7227,海嶠應思蘋蓼,1
7228,嶠應思蘋蓼夢,1
7229,應思蘋蓼夢江,1
7230,思蘋蓼夢江湄,1
7231,蘋蓼夢江湄一,1
7232,蓼夢江湄一朝,1
7233,夢江湄一朝鳳,1
7234,江湄一朝鳳詔,1
7235,湄一朝鳳詔重,1
7236,一朝鳳詔重征,1
7237,朝鳳詔重征入,1
7238,鳳詔重征入鵬,1
7239,詔重征入鵬化,1
7240,重征入鵬化那,1
7241,征入鵬化那教,1
7242,入鵬化那教尺,1
7243,鵬化那教尺鷃,1
7244,化那教尺鷃知,1
7245,那教尺鷃知心,1
7246,教尺鷃知心似,1
7247,尺鷃知心似白,1
7248,鷃知心似白雲,1
7249,知心似白雲歸,1
7250,心似白雲歸帝,1
7251,似白雲歸帝鄉,1
7252,白雲歸帝鄉暫,1
7253,雲歸帝鄉暫停,1
7254,歸帝鄉暫停良,1
7255,帝鄉暫停良畫,1
7256,鄉暫停良畫別,1
7257,暫停良畫別龔,1
7258,停良畫別龔黃,1
7259,良畫別龔黃煙,1
7260,畫別龔黃煙波,1
7261,別龔黃煙波乍,1
7262,龔黃煙波乍曉,1
7263,黃煙波乍曉浮,1
7264,煙波乍曉浮蘭,1
7265,波乍曉浮蘭棹,1
7266,乍曉浮蘭棹魂,1
7267,曉浮蘭棹魂夢,1
7268,浮蘭棹魂夢先,1
7269,蘭棹魂夢先飛,1
7270,棹魂夢先飛近,1
7271,魂夢先飛近禦,1
7272,夢先飛近禦香,1
7273,先飛近禦香一,1
7274,飛近禦香一路,1
7275,近禦香一路伴,1
7276,禦香一路伴吟,1
7277,香一路伴吟汀,1
7278,一路伴吟汀草,1
7279,路伴吟汀草綠,1
7280,伴吟汀草綠幾,1
7281,吟汀草綠幾程,1
7282,汀草綠幾程清,1
7283,草綠幾程清思,1
7284,綠幾程清思水,1
7285,幾程清思水風,1
7286,程清思水風涼,1
7287,清思水風涼想,1
7288,思水風涼想應,1
7289,水風涼想應敷,1
7290,風涼想應敷對,1
7291,涼想應敷對忠,1
7292,想應敷對忠言,1
7293,應敷對忠言後,1
7294,敷對忠言後不,1
7295,對忠言後不放,1
7296,忠言後不放鄉,1
7297,言後不放鄉雲,1
7298,後不放鄉雲離,1
7299,不放鄉雲離太,1
7300,放鄉雲離太陽,1
7301,鄉雲離太陽不,1
7302,雲離太陽不妨,1
7303,離太陽不妨公,1
7304,太陽不妨公退,1
7305,陽不妨公退尚,1
7306,不妨公退尚清,1
7307,妨公退尚清虛,1
7308,公退尚清虛創,1
7309,退尚清虛創得,1
7310,尚清虛創得幽,1
7311,清虛創得幽齋,1
7312,虛創得幽齋興,1
7313,創得幽齋興有,1
7314,得幽齋興有餘,1
7315,幽齋興有餘要,1
7316,齋興有餘要引,1
7317,興有餘要引好,1
7318,有餘要引好風,1
7319,餘要引好風清,1
7320,要引好風清戶,1
7321,引好風清戶牖,1
7322,好風清戶牖旋,1
7323,風清戶牖旋栽,1
7324,清戶牖旋栽新,1
7325,戶牖旋栽新竹,1
7326,牖旋栽新竹滿,1
7327,旋栽新竹滿庭,1
7328,栽新竹滿庭除,1
7329,新竹滿庭除傾,1
7330,竹滿庭除傾壺,1
7331,滿庭除傾壺待,1
7332,庭除傾壺待客,1
7333,除傾壺待客花,1
7334,傾壺待客花開,1
7335,壺待客花開後,1
7336,待客花開後煮,1
7337,客花開後煮茗,1
7338,花開後煮茗留,1
7339,開後煮茗留僧,1
7340,後煮茗留僧月,1
7341,煮茗留僧月上,1
7342,茗留僧月上初,1
7343,留僧月上初更,1
7344,僧月上初更有,1
7345,月上初更有野,1
7346,上初更有野情,1
7347,初更有野情堪,1
7348,更有野情堪愛,1
7349,有野情堪愛處,1
7350,野情堪愛處石,1
7351,情堪愛處石床,1
7352,堪愛處石床苔,1
7353,愛處石床苔蘚,1
7354,處石床苔蘚似,1
7355,石床苔蘚似匡,1
7356,床苔蘚似匡廬,1
7357,苔蘚似匡廬得,1
7358,蘚似匡廬得從,1
7359,似匡廬得從嶽,1
7360,匡廬得從嶽叟,1
7361,廬得從嶽叟誠,1
7362,得從嶽叟誠堪,1
7363,從嶽叟誠堪重,1
7364,嶽叟誠堪重卻,1
7365,叟誠堪重卻獻,1
7366,誠堪重卻獻皋,1
7367,堪重卻獻皋夔,1
7368,重卻獻皋夔事,1
7369,卻獻皋夔事更,1
7370,獻皋夔事更宜,1
7371,皋夔事更宜公,1
7372,夔事更宜公退,1
7373,事更宜公退啟,1
7374,更宜公退啟枰,1
7375,宜公退啟枰書,1
7376,公退啟枰書院,1
7377,退啟枰書院靜,1
7378,啟枰書院靜日,1
7379,枰書院靜日斜,1
7380,書院靜日斜收,1
7381,院靜日斜收子,1
7382,靜日斜收子竹,1
7383,日斜收子竹陰,1
7384,斜收子竹陰移,1
7385,收子竹陰移適,1
7386,子竹陰移適情,1
7387,竹陰移適情豈,1
7388,陰移適情豈待,1
7389,移適情豈待樵,1
7390,適情豈待樵柯,1
7391,情豈待樵柯爛,1
7392,豈待樵柯爛罷,1
7393,待樵柯爛罷局,1
7394,樵柯爛罷局還,1
7395,柯爛罷局還應,1
7396,爛罷局還應屐,1
7397,罷局還應屐齒,1
7398,局還應屐齒隳,1
7399,還應屐齒隳預,1
7400,應屐齒隳預想,1
7401,屐齒隳預想幽,1
7402,齒隳預想幽窗,1
7403,隳預想幽窗風,1
7404,預想幽窗風雨,1
7405,想幽窗風雨夜,1
7406,幽窗風雨夜一,1
7407,窗風雨夜一燈,1
7408,風雨夜一燈閑,1
7409,雨夜一燈閑照,1
7410,夜一燈閑照覆,1
7411,一燈閑照覆圖,1
7412,燈閑照覆圖時,1
7413,閑照覆圖時鳥,1
7414,照覆圖時鳥棲,1
7415,覆圖時鳥棲庭,1
7416,圖時鳥棲庭樹,1
7417,時鳥棲庭樹夜,1
7418,鳥棲庭樹夜悠,1
7419,棲庭樹夜悠悠,1
7420,庭樹夜悠悠枕,1
7421,樹夜悠悠枕上,1
7422,夜悠悠枕上誰,1
7423,悠悠枕上誰知,1
7424,悠枕上誰知淚,1
7425,枕上誰知淚暗,1
7426,上誰知淚暗流,1
7427,誰知淚暗流千,1
7428,知淚暗流千里,1
7429,淚暗流千里夢,1
7430,暗流千里夢魂,1
7431,流千里夢魂迷,1
7432,千里夢魂迷舊,1
7433,里夢魂迷舊業,1
7434,夢魂迷舊業一,1
7435,魂迷舊業一城,1
7436,迷舊業一城砧,1
7437,舊業一城砧杵,1
7438,業一城砧杵搗,1
7439,一城砧杵搗殘,1
7440,城砧杵搗殘秋,1
7441,砧杵搗殘秋窗,1
7442,杵搗殘秋窗間,1
7443,搗殘秋窗間寂,1
7444,殘秋窗間寂寂,1
7445,秋窗間寂寂燈,1
7446,窗間寂寂燈猶,1
7447,間寂寂燈猶在,1
7448,寂寂燈猶在簾,1
7449,寂燈猶在簾外,1
7450,燈猶在簾外蕭,1
7451,猶在簾外蕭蕭,1
7452,在簾外蕭蕭雨,1
7453,簾外蕭蕭雨未,1
7454,外蕭蕭雨未休,1
7455,蕭蕭雨未休早,1
7456,蕭雨未休早晚,1
7457,雨未休早晚萊,1
7458,未休早晚萊衣,1
7459,休早晚萊衣同,1
7460,早晚萊衣同著,1
7461,晚萊衣同著去,1
7462,萊衣同著去免,1
7463,衣同著去免悲,1
7464,同著去免悲流,1
7465,著去免悲流落,1
7466,去免悲流落在,1
7467,免悲流落在邊,1
7468,悲流落在邊州,1
7469,流落在邊州綿,1
7470,落在邊州綿蠻,1
7471,在邊州綿蠻黃,1
7472,邊州綿蠻黃鳥,1
7473,州綿蠻黃鳥不,1
7474,綿蠻黃鳥不堪,1
7475,蠻黃鳥不堪聽,1
7476,黃鳥不堪聽觸,1
7477,鳥不堪聽觸目,1
7478,不堪聽觸目離,1
7479,堪聽觸目離愁,1
7480,聽觸目離愁怕,1
7481,觸目離愁怕酒,1
7482,目離愁怕酒醒,1
7483,離愁怕酒醒雲,1
7484,愁怕酒醒雲散,1
7485,怕酒醒雲散碧,1
7486,酒醒雲散碧山,1
7487,醒雲散碧山當,1
7488,雲散碧山當晚,1
7489,散碧山當晚檻,1
7490,碧山當晚檻雨,1
7491,山當晚檻雨催,1
7492,當晚檻雨催青,1
7493,晚檻雨催青蘚,1
7494,檻雨催青蘚匝,1
7495,雨催青蘚匝春,1
7496,催青蘚匝春庭,1
7497,青蘚匝春庭尋,1
7498,蘚匝春庭尋芳,1
7499,匝春庭尋芳懶,1
7500,春庭尋芳懶向,1
7501,庭尋芳懶向桃,1
7502,尋芳懶向桃花,1
7503,芳懶向桃花塢,1
7504,懶向桃花塢垂,1
7505,向桃花塢垂釣,1
7506,桃花塢垂釣空,1
7507,花塢垂釣空思,1
7508,塢垂釣空思杜,1
7509,垂釣空思杜若,1
7510,釣空思杜若汀,1
7511,空思杜若汀晝,1
7512,思杜若汀晝夢,1
7513,杜若汀晝夢不,1
7514,若汀晝夢不成,1
7515,汀晝夢不成吟,1
7516,晝夢不成吟有,1
7517,夢不成吟有興,1
7518,不成吟有興揮,1
7519,成吟有興揮毫,1
7520,吟有興揮毫書,1
7521,有興揮毫書在,1
7522,興揮毫書在枕,1
7523,揮毫書在枕邊,1
7524,毫書在枕邊屏,1
7525,書在枕邊屏江,1
7526,在枕邊屏江村,1
7527,枕邊屏江村搖,1
7528,邊屏江村搖落,1
7529,屏江村搖落暮,1
7530,江村搖落暮蟬,1
7531,村搖落暮蟬鳴,1
7532,搖落暮蟬鳴執,1
7533,落暮蟬鳴執手,1
7534,暮蟬鳴執手臨,1
7535,蟬鳴執手臨岐,1
7536,鳴執手臨岐動,1
7537,執手臨岐動別,1
7538,手臨岐動別情,1
7539,臨岐動別情古,1
7540,岐動別情古岸,1
7541,動別情古岸相,1
7542,別情古岸相看,1
7543,情古岸相看殘,1
7544,古岸相看殘照,1
7545,岸相看殘照在,1
7546,相看殘照在片,1
7547,看殘照在片帆,1
7548,殘照在片帆難,1
7549,照在片帆難駐,1
7550,在片帆難駐好,1
7551,片帆難駐好風,1
7552,帆難駐好風生,1
7553,難駐好風生牽,1
7554,駐好風生牽吟,1
7555,好風生牽吟一,1
7556,風生牽吟一路,1
7557,生牽吟一路逢,1
7558,牽吟一路逢山,1
7559,吟一路逢山色,1
7560,一路逢山色醒,1
7561,路逢山色醒睡,1
7562,逢山色醒睡長,1
7563,山色醒睡長汀,1
7564,色醒睡長汀對,1
7565,醒睡長汀對月,1
7566,睡長汀對月明,1
7567,長汀對月明況,1
7568,汀對月明況是,1
7569,對月明況是清,1
7570,月明況是清朝,1
7571,明況是清朝至,1
7572,況是清朝至公,1
7573,是清朝至公在,1
7574,清朝至公在預,1
7575,朝至公在預知,1
7576,至公在預知喬,1
7577,公在預知喬木,1
7578,在預知喬木定,1
7579,預知喬木定遷,1
7580,知喬木定遷鶯,1
7581,喬木定遷鶯江,1
7582,木定遷鶯江南,1
7583,定遷鶯江南重,1
7584,遷鶯江南重會,1
7585,鶯江南重會面,1
7586,江南重會面聊,1
7587,南重會面聊話,1
7588,重會面聊話十,1
7589,會面聊話十年,1
7590,面聊話十年心,1
7591,聊話十年心共,1
7592,話十年心共立,1
7593,十年心共立黃,1
7594,年心共立黃花,1
7595,心共立黃花畔,1
7596,共立黃花畔空,1
7597,立黃花畔空驚,1
7598,黃花畔空驚素,1
7599,花畔空驚素發,1
7600,畔空驚素發侵,1
7601,空驚素發侵斜,1
7602,驚素發侵斜陽,1
7603,素發侵斜陽浮,1
7604,發侵斜陽浮遠,1
7605,侵斜陽浮遠水,1
7606,斜陽浮遠水歸,1
7607,陽浮遠水歸鳥,1
7608,浮遠水歸鳥下,1
7609,遠水歸鳥下疏,1
7610,水歸鳥下疏林,1
7611,歸鳥下疏林牽,1
7612,鳥下疏林牽動,1
7613,下疏林牽動詩,1
7614,疏林牽動詩魔,1
7615,林牽動詩魔處,1
7616,牽動詩魔處涼,1
7617,動詩魔處涼風,1
7618,詩魔處涼風村,1
7619,魔處涼風村落,1
7620,處涼風村落砧,1
7621,涼風村落砧長,1
7622,風村落砧長江,1
7623,村落砧長江落,1
7624,落砧長江落照,1
7625,砧長江落照天,1
7626,長江落照天物,1
7627,江落照天物景,1
7628,落照天物景似,1
7629,照天物景似當,1
7630,天物景似當年,1
7631,物景似當年憶,1
7632,景似當年憶昔,1
7633,似當年憶昔攜,1
7634,當年憶昔攜村,1
7635,年憶昔攜村酒,1
7636,憶昔攜村酒相,1
7637,昔攜村酒相將,1
7638,攜村酒相將上,1
7639,村酒相將上釣,1
7640,酒相將上釣船,1
7641,相將上釣船狂,1
7642,將上釣船狂歌,1
7643,上釣船狂歌紅,1
7644,釣船狂歌紅蓼,1
7645,船狂歌紅蓼岸,1
7646,狂歌紅蓼岸驚,1
7647,歌紅蓼岸驚起,1
7648,紅蓼岸驚起白,1
7649,蓼岸驚起白鷗,1
7650,岸驚起白鷗眠,1
7651,驚起白鷗眠今,1
7652,起白鷗眠今日,1
7653,白鷗眠今日趨,1
7654,鷗眠今日趨名,1
7655,眠今日趨名急,1
7656,今日趨名急臨,1
7657,日趨名急臨風,1
7658,趨名急臨風一,1
7659,名急臨風一黯,1
7660,急臨風一黯然,1
7661,臨風一黯然詔,1
7662,風一黯然詔下,1
7663,一黯然詔下如,1
7664,黯然詔下如春,1
7665,然詔下如春煦,1
7666,詔下如春煦巢,1
7667,下如春煦巢南,1
7668,如春煦巢南志,1
7669,春煦巢南志不,1
7670,煦巢南志不違,1
7671,巢南志不違空,1
7672,南志不違空將,1
7673,志不違空將感,1
7674,不違空將感恩,1
7675,違空將感恩淚,1
7676,空將感恩淚滴,1
7677,將感恩淚滴盡,1
7678,感恩淚滴盡冒,1
7679,恩淚滴盡冒寒,1
7680,淚滴盡冒寒衣,1
7681,滴盡冒寒衣覆,1
7682,盡冒寒衣覆載,1
7683,冒寒衣覆載元,1
7684,寒衣覆載元容,1
7685,衣覆載元容善,1
7686,覆載元容善形,1
7687,載元容善形骸,1
7688,元容善形骸果,1
7689,容善形骸果得,1
7690,善形骸果得歸,1
7691,形骸果得歸無,1
7692,骸果得歸無心,1
7693,果得歸無心慚,1
7694,得歸無心慚季,1
7695,歸無心慚季路,1
7696,無心慚季路負,1
7697,心慚季路負米,1
7698,慚季路負米覲,1
7699,季路負米覲親,1
7700,路負米覲親闈,1
7701,負米覲親闈鴻,1
7702,米覲親闈鴻雁,1
7703,覲親闈鴻雁離,1
7704,親闈鴻雁離群,1
7705,闈鴻雁離群後,1
7706,鴻雁離群後成,1
7707,雁離群後成行,1
7708,離群後成行憶,1
7709,群後成行憶日,1
7710,後成行憶日存,1
7711,成行憶日存誰,1
7712,行憶日存誰知,1
7713,憶日存誰知歸,1
7714,日存誰知歸故,1
7715,存誰知歸故里,1
7716,誰知歸故里只,1
7717,知歸故里只得,1
7718,歸故里只得奠,1
7719,故里只得奠吟,1
7720,里只得奠吟魂,1
7721,只得奠吟魂蟲,1
7722,得奠吟魂蟲蠹,1
7723,奠吟魂蟲蠹書,1
7724,吟魂蟲蠹書盈,1
7725,魂蟲蠹書盈篋,1
7726,蟲蠹書盈篋人,1
7727,蠹書盈篋人稀,1
7728,書盈篋人稀草,1
7729,盈篋人稀草擁,1
7730,篋人稀草擁門,1
7731,人稀草擁門從,1
7732,稀草擁門從茲,1
7733,草擁門從茲長,1
7734,擁門從茲長慟,1
7735,門從茲長慟後,1
7736,從茲長慟後獨,1
7737,茲長慟後獨自,1
7738,長慟後獨自奉,1
7739,慟後獨自奉晨,1
7740,後獨自奉晨昏,1
7741,獨自奉晨昏浮,1
7742,自奉晨昏浮生,1
7743,奉晨昏浮生多,1
7744,晨昏浮生多夭,1
7745,昏浮生多夭枉,1
7746,浮生多夭枉惟,1
7747,生多夭枉惟爾,1
7748,多夭枉惟爾最,1
7749,夭枉惟爾最堪,1
7750,枉惟爾最堪悲,1
7751,惟爾最堪悲同,1
7752,爾最堪悲同氣,1
7753,最堪悲同氣未,1
7754,堪悲同氣未歸,1
7755,悲同氣未歸日,1
7756,同氣未歸日慈,1
7757,氣未歸日慈親,1
7758,未歸日慈親臨,1
7759,歸日慈親臨老,1
7760,日慈親臨老時,1
7761,慈親臨老時舊,1
7762,親臨老時舊詩,1
7763,臨老時舊詩傳,1
7764,老時舊詩傳海,1
7765,時舊詩傳海嶠,1
7766,舊詩傳海嶠新,1
7767,詩傳海嶠新塚,1
7768,傳海嶠新塚枕,1
7769,海嶠新塚枕江,1
7770,嶠新塚枕江湄,1
7771,新塚枕江湄遺,1
7772,塚枕江湄遺稚,1
7773,枕江湄遺稚嗚,1
7774,江湄遺稚嗚嗚,1
7775,湄遺稚嗚嗚處,1
7776,遺稚嗚嗚處黃,1
7777,稚嗚嗚處黃昏,1
7778,嗚嗚處黃昏繞,1
7779,嗚處黃昏繞繐,1
7780,處黃昏繞繐帷,1
7781,黃昏繞繐帷默,1
7782,昏繞繐帷默默,1
7783,繞繐帷默默誰,1
7784,繐帷默默誰知,1
7785,帷默默誰知我,1
7786,默默誰知我裴,1
7787,默誰知我裴回,1
7788,誰知我裴回野,1
7789,知我裴回野水,1
7790,我裴回野水邊,1
7791,裴回野水邊詩,1
7792,回野水邊詩情,1
7793,野水邊詩情長,1
7794,水邊詩情長若,1
7795,邊詩情長若舊,1
7796,詩情長若舊吾,1
7797,情長若舊吾事,1
7798,長若舊吾事更,1
7799,若舊吾事更無,1
7800,舊吾事更無先,1
7801,吾事更無先芳,1
7802,事更無先芳草,1
7803,更無先芳草人,1
7804,無先芳草人稀,1
7805,先芳草人稀地,1
7806,芳草人稀地殘,1
7807,草人稀地殘陽,1
7808,人稀地殘陽雁,1
7809,稀地殘陽雁過,1
7810,地殘陽雁過天,1
7811,殘陽雁過天靜,1
7812,陽雁過天靜思,1
7813,雁過天靜思吟,1
7814,過天靜思吟友,1
7815,天靜思吟友外,1
7816,靜思吟友外此,1
7817,思吟友外此意,1
7818,吟友外此意複,1
7819,友外此意複誰,1
7820,外此意複誰憐,1
7821,此意複誰憐鼎,1
7822,意複誰憐鼎分,1
7823,複誰憐鼎分天,1
7824,誰憐鼎分天地,1
7825,憐鼎分天地日,1
7826,鼎分天地日先,1
7827,分天地日先主,1
7828,天地日先主力,1
7829,地日先主力元,1
7830,日先主力元微,1
7831,先主力元微魚,1
7832,主力元微魚水,1
7833,力元微魚水從,1
7834,元微魚水從相,1
7835,微魚水從相得,1
7836,魚水從相得山,1
7837,水從相得山河,1
7838,從相得山河遂,1
7839,相得山河遂有,1
7840,得山河遂有歸,1
7841,山河遂有歸任,1
7842,河遂有歸任賢,1
7843,遂有歸任賢無,1
7844,有歸任賢無間,1
7845,歸任賢無間忌,1
7846,任賢無間忌報,1
7847,賢無間忌報國,1
7848,無間忌報國盡,1
7849,間忌報國盡神,1
7850,忌報國盡神機,1
7851,報國盡神機草,1
7852,國盡神機草昧,1
7853,盡神機草昧爭,1
7854,神機草昧爭雄,1
7855,機草昧爭雄者,1
7856,草昧爭雄者君,1
7857,昧爭雄者君臣,1
7858,爭雄者君臣似,1
7859,雄者君臣似此,1
7860,者君臣似此稀,1
7861,君臣似此稀官,1
7862,臣似此稀官資,1
7863,似此稀官資清,1
7864,此稀官資清貴,1
7865,稀官資清貴近,1
7866,官資清貴近丹,1
7867,資清貴近丹墀,1
7868,清貴近丹墀性,1
7869,貴近丹墀性格,1
7870,近丹墀性格孤,1
7871,丹墀性格孤高,1
7872,墀性格孤高世,1
7873,性格孤高世所,1
7874,格孤高世所稀,1
7875,孤高世所稀金,1
7876,高世所稀金殿,1
7877,世所稀金殿日,1
7878,所稀金殿日開,1
7879,稀金殿日開親,1
7880,金殿日開親鳳,1
7881,殿日開親鳳扆,1
7882,日開親鳳扆古,1
7883,開親鳳扆古屏,1
7884,親鳳扆古屏時,1
7885,鳳扆古屏時展,1
7886,扆古屏時展看,1
7887,古屏時展看漁,1
7888,屏時展看漁磯,1
7889,時展看漁磯酒,1
7890,展看漁磯酒醒,1
7891,看漁磯酒醒虛,1
7892,漁磯酒醒虛閣,1
7893,磯酒醒虛閣秋,1
7894,酒醒虛閣秋簾,1
7895,醒虛閣秋簾卷,1
7896,虛閣秋簾卷吟,1
7897,閣秋簾卷吟對,1
7898,秋簾卷吟對疏,1
7899,簾卷吟對疏篁,1
7900,卷吟對疏篁夕,1
7901,吟對疏篁夕鳥,1
7902,對疏篁夕鳥歸,1
7903,疏篁夕鳥歸獻,1
7904,篁夕鳥歸獻替,1
7905,夕鳥歸獻替頻,1
7906,鳥歸獻替頻陳,1
7907,歸獻替頻陳忠,1
7908,獻替頻陳忠譽,1
7909,替頻陳忠譽播,1
7910,頻陳忠譽播鵬,1
7911,陳忠譽播鵬霄,1
7912,忠譽播鵬霄萬,1
7913,譽播鵬霄萬里,1
7914,播鵬霄萬里展,1
7915,鵬霄萬里展雄,1
7916,霄萬里展雄飛,1
7917,萬里展雄飛慶,1
7918,里展雄飛慶雲,1
7919,展雄飛慶雲呈,1
7920,雄飛慶雲呈瑞,1
7921,飛慶雲呈瑞為,1
7922,慶雲呈瑞為明,1
7923,雲呈瑞為明時,1
7924,呈瑞為明時演,1
7925,瑞為明時演暢,1
7926,為明時演暢絲,1
7927,明時演暢絲綸,1
7928,時演暢絲綸在,1
7929,演暢絲綸在紫,1
7930,暢絲綸在紫微,1
7931,絲綸在紫微鑾,1
7932,綸在紫微鑾殿,1
7933,在紫微鑾殿對,1
7934,紫微鑾殿對時,1
7935,微鑾殿對時親,1
7936,鑾殿對時親舜,1
7937,殿對時親舜日,1
7938,對時親舜日鯉,1
7939,時親舜日鯉庭,1
7940,親舜日鯉庭過,1
7941,舜日鯉庭過處,1
7942,日鯉庭過處著,1
7943,鯉庭過處著萊,1
7944,庭過處著萊衣,1
7945,過處著萊衣閑,1
7946,處著萊衣閑尋,1
7947,著萊衣閑尋竹,1
7948,萊衣閑尋竹寺,1
7949,衣閑尋竹寺聽,1
7950,閑尋竹寺聽啼,1
7951,尋竹寺聽啼鳥,1
7952,竹寺聽啼鳥吟,1
7953,寺聽啼鳥吟倚,1
7954,聽啼鳥吟倚江,1
7955,啼鳥吟倚江樓,1
7956,鳥吟倚江樓戀,1
7957,吟倚江樓戀落,1
7958,倚江樓戀落暉,1
7959,江樓戀落暉隔,1
7960,樓戀落暉隔座,1
7961,戀落暉隔座銀,1
7962,落暉隔座銀屏,1
7963,暉隔座銀屏看,1
7964,隔座銀屏看是,1
7965,座銀屏看是設,1
7966,銀屏看是設一,1
7967,屏看是設一門,1
7968,看是設一門清,1
7969,是設一門清貴,1
7970,設一門清貴古,1
7971,一門清貴古今,1
7972,門清貴古今稀,1
7973,清貴古今稀使,1
7974,貴古今稀使君,1
7975,古今稀使君心,1
7976,今稀使君心智,1
7977,稀使君心智杳,1
7978,使君心智杳難,1
7979,君心智杳難同,1
7980,心智杳難同選,1
7981,智杳難同選勝,1
7982,杳難同選勝開,1
7983,難同選勝開亭,1
7984,同選勝開亭景,1
7985,選勝開亭景莫,1
7986,勝開亭景莫窮,1
7987,開亭景莫窮高,1
7988,亭景莫窮高敞,1
7989,景莫窮高敞軒,1
7990,莫窮高敞軒窗,1
7991,窮高敞軒窗迎,1
7992,高敞軒窗迎海,1
7993,敞軒窗迎海月,1
7994,軒窗迎海月預,1
7995,窗迎海月預栽,1
7996,迎海月預栽花,1
7997,海月預栽花木,1
7998,月預栽花木待,1
7999,預栽花木待春,1
8000,栽花木待春風,1
8001,花木待春風靜,1
8002,木待春風靜披,1
8003,待春風靜披典,1
8004,春風靜披典籍,1
8005,風靜披典籍堪,1
8006,靜披典籍堪師,1
8007,披典籍堪師古,1
8008,典籍堪師古醉,1
8009,籍堪師古醉擁,1
8010,堪師古醉擁笙,1
8011,師古醉擁笙歌,1
8012,古醉擁笙歌不,1
8013,醉擁笙歌不礙,1
8014,擁笙歌不礙公,1
8015,笙歌不礙公滿,1
8016,歌不礙公滿徑,1
8017,不礙公滿徑苔,1
8018,礙公滿徑苔紋,1
8019,公滿徑苔紋疏,1
8020,滿徑苔紋疏雨,1
8021,徑苔紋疏雨後,1
8022,苔紋疏雨後入,1
8023,紋疏雨後入簷,1
8024,疏雨後入簷山,1
8025,雨後入簷山色,1
8026,後入簷山色夕,1
8027,入簷山色夕陽,1
8028,簷山色夕陽中,1
8029,山色夕陽中偏,1
8030,色夕陽中偏宜,1
8031,夕陽中偏宜下,1
8032,陽中偏宜下榻,1
8033,中偏宜下榻延,1
8034,偏宜下榻延徐,1
8035,宜下榻延徐孺,1
8036,下榻延徐孺最,1
8037,榻延徐孺最稱,1
8038,延徐孺最稱登,1
8039,徐孺最稱登門,1
8040,孺最稱登門禮,1
8041,最稱登門禮孔,1
8042,稱登門禮孔融,1
8043,登門禮孔融事,1
8044,門禮孔融事簡,1
8045,禮孔融事簡豈,1
8046,孔融事簡豈妨,1
8047,融事簡豈妨頻,1
8048,事簡豈妨頻賞,1
8049,簡豈妨頻賞玩,1
8050,豈妨頻賞玩況,1
8051,妨頻賞玩況當,1
8052,頻賞玩況當為,1
8053,賞玩況當為政,1
8054,玩況當為政有,1
8055,況當為政有餘,1
8056,當為政有餘功,1
8057,為政有餘功門,1
8058,政有餘功門鎖,1
8059,有餘功門鎖簾,1
8060,餘功門鎖簾垂,1
8061,功門鎖簾垂月,1
8062,門鎖簾垂月影,1
8063,鎖簾垂月影斜,1
8064,簾垂月影斜翠,1
8065,垂月影斜翠華,1
8066,月影斜翠華咫,1
8067,影斜翠華咫尺,1
8068,斜翠華咫尺隔,1
8069,翠華咫尺隔天,1
8070,華咫尺隔天涯,1
8071,咫尺隔天涯香,1
8072,尺隔天涯香鋪,1
8073,隔天涯香鋪羅,1
8074,天涯香鋪羅幌,1
8075,涯香鋪羅幌不,1
8076,香鋪羅幌不成,1
8077,鋪羅幌不成夢,1
8078,羅幌不成夢背,1
8079,幌不成夢背壁,1
8080,不成夢背壁銀,1
8081,成夢背壁銀缸,1
8082,夢背壁銀缸落,1
8083,背壁銀缸落盡,1
8084,壁銀缸落盡花,1
8085,銀缸落盡花金,1
8086,缸落盡花金波,1
8087,落盡花金波寒,1
8088,盡花金波寒透,1
8089,花金波寒透水,1
8090,金波寒透水精,1
8091,波寒透水精簾,1
8092,寒透水精簾燒,1
8093,透水精簾燒盡,1
8094,水精簾燒盡沈,1
8095,精簾燒盡沈檀,1
8096,簾燒盡沈檀手,1
8097,燒盡沈檀手自,1
8098,盡沈檀手自添,1
8099,沈檀手自添風,1
8100,檀手自添風遞,1
8101,手自添風遞笙,1
8102,自添風遞笙歌,1
8103,添風遞笙歌門,1
8104,風遞笙歌門已,1
8105,遞笙歌門已掩,1
8106,笙歌門已掩翠,1
8107,歌門已掩翠華,1
8108,門已掩翠華何,1
8109,已掩翠華何處,1
8110,掩翠華何處夜,1
8111,翠華何處夜厭,1
8112,華何處夜厭厭,1
8113,何處夜厭厭晚,1
8114,處夜厭厭晚涼,1
8115,夜厭厭晚涼含,1
8116,厭厭晚涼含笑,1
8117,厭晚涼含笑上,1
8118,晚涼含笑上蘭,1
8119,涼含笑上蘭舟,1
8120,含笑上蘭舟波,1
8121,笑上蘭舟波底,1
8122,上蘭舟波底紅,1
8123,蘭舟波底紅妝,1
8124,舟波底紅妝影,1
8125,波底紅妝影欲,1
8126,底紅妝影欲浮,1
8127,紅妝影欲浮陌,1
8128,妝影欲浮陌上,1
8129,影欲浮陌上少,1
8130,欲浮陌上少年,1
8131,浮陌上少年休,1
8132,陌上少年休植,1
8133,上少年休植足,1
8134,少年休植足荷,1
8135,年休植足荷香,1
8136,休植足荷香深,1
8137,植足荷香深處,1
8138,足荷香深處不,1
8139,荷香深處不回,1
8140,香深處不回頭,1
8141,深處不回頭沉,1
8142,處不回頭沉沉,1
8143,不回頭沉沉樓,1
8144,回頭沉沉樓影,1
8145,頭沉沉樓影月,1
8146,沉沉樓影月當,1
8147,沉樓影月當午,1
8148,樓影月當午冉,1
8149,影月當午冉冉,1
8150,月當午冉冉風,1
8151,當午冉冉風香,1
8152,午冉冉風香花,1
8153,冉冉風香花正,1
8154,冉風香花正開,1
8155,風香花正開芳,1
8156,香花正開芳草,1
8157,花正開芳草迢,1
8158,正開芳草迢迢,1
8159,開芳草迢迢滿,1
8160,芳草迢迢滿南,1
8161,草迢迢滿南陌,1
8162,迢迢滿南陌王,1
8163,迢滿南陌王孫,1
8164,滿南陌王孫何,1
8165,南陌王孫何處,1
8166,陌王孫何處不,1
8167,王孫何處不歸,1
8168,孫何處不歸來,1
8169,何處不歸來軒,1
8170,處不歸來軒車,1
8171,不歸來軒車紫,1
8172,歸來軒車紫陌,1
8173,來軒車紫陌競,1
8174,軒車紫陌競尋,1
8175,車紫陌競尋春,1
8176,紫陌競尋春獨,1
8177,陌競尋春獨掩,1
8178,競尋春獨掩衡,1
8179,尋春獨掩衡門,1
8180,春獨掩衡門病,1
8181,獨掩衡門病起,1
8182,掩衡門病起身,1
8183,衡門病起身步,1
8184,門病起身步月,1
8185,病起身步月怕,1
8186,起身步月怕傷,1
8187,身步月怕傷三,1
8188,步月怕傷三徑,1
8189,月怕傷三徑蘚,1
8190,怕傷三徑蘚取,1
8191,傷三徑蘚取琴,1
8192,三徑蘚取琴因,1
8193,徑蘚取琴因拂,1
8194,蘚取琴因拂一,1
8195,取琴因拂一床,1
8196,琴因拂一床塵,1
8197,因拂一床塵明,1
8198,拂一床塵明時,1
8199,一床塵明時儻,1
8200,床塵明時儻有,1
8201,塵明時儻有丹,1
8202,明時儻有丹枝,1
8203,時儻有丹枝分,1
8204,儻有丹枝分青,1
8205,有丹枝分青鑒,1
8206,丹枝分青鑒從,1
8207,枝分青鑒從他,1
8208,分青鑒從他素,1
8209,青鑒從他素發,1
8210,鑒從他素發新,1
8211,從他素發新況,1
8212,他素發新況是,1
8213,素發新況是青,1
8214,發新況是青雲,1
8215,新況是青雲知,1
8216,況是青雲知己,1
8217,是青雲知己在,1
8218,青雲知己在原,1
8219,雲知己在原思,1
8220,知己在原思生,1
8221,己在原思生計,1
8222,在原思生計莫,1
8223,原思生計莫憂,1
8224,思生計莫憂貧,1
8225,生計莫憂貧門,1
8226,計莫憂貧門外,1
8227,莫憂貧門外塵,1
8228,憂貧門外塵飛,1
8229,貧門外塵飛暑,1
8230,門外塵飛暑氣,1
8231,外塵飛暑氣濃,1
8232,塵飛暑氣濃院,1
8233,飛暑氣濃院中,1
8234,暑氣濃院中蕭,1
8235,氣濃院中蕭索,1
8236,濃院中蕭索似,1
8237,院中蕭索似山,1
8238,中蕭索似山中,1
8239,蕭索似山中最,1
8240,索似山中最憐,1
8241,似山中最憐煮,1
8242,山中最憐煮茗,1
8243,中最憐煮茗相,1
8244,最憐煮茗相留,1
8245,憐煮茗相留處,1
8246,煮茗相留處疏,1
8247,茗相留處疏竹,1
8248,相留處疏竹當,1
8249,留處疏竹當軒,1
8250,處疏竹當軒一,1
8251,疏竹當軒一榻,1
8252,竹當軒一榻風,1
8253,當軒一榻風柳,1
8254,軒一榻風柳過,1
8255,一榻風柳過春,1
8256,榻風柳過春霖,1
8257,風柳過春霖絮,1
8258,柳過春霖絮亂,1
8259,過春霖絮亂飛,1
8260,春霖絮亂飛旅,1
8261,霖絮亂飛旅中,1
8262,絮亂飛旅中懷,1
8263,亂飛旅中懷抱,1
8264,飛旅中懷抱獨,1
8265,旅中懷抱獨淒,1
8266,中懷抱獨淒淒,1
8267,懷抱獨淒淒月,1
8268,抱獨淒淒月生,1
8269,獨淒淒月生淮,1
8270,淒淒月生淮上,1
8271,淒月生淮上雲,1
8272,月生淮上雲初,1
8273,生淮上雲初散,1
8274,淮上雲初散家,1
8275,上雲初散家在,1
8276,雲初散家在江,1
8277,初散家在江南,1
8278,散家在江南夢,1
8279,家在江南夢去,1
8280,在江南夢去迷,1
8281,江南夢去迷發,1
8282,南夢去迷發白,1
8283,每慚清鑒啟心,1
8284,慚清鑒啟心孤,1
8285,清鑒啟心孤長,1
8286,鑒啟心孤長怯,1
8287,啟心孤長怯子,1
8288,心孤長怯子規,1
8289,孤長怯子規啼,1
8290,長怯子規啼拜,1
8291,怯子規啼拜恩,1
8292,子規啼拜恩為,1
8293,規啼拜恩為養,1
8294,啼拜恩為養慈,1
8295,拜恩為養慈親,1
8296,恩為養慈親急,1
8297,為養慈親急願,1
8298,養慈親急願向,1
8299,慈親急願向明,1
8300,親急願向明朝,1
8301,急願向明朝捧,1
8302,願向明朝捧紫,1
8303,向明朝捧紫泥,1
8304,明朝捧紫泥泥,1
8305,朝捧紫泥泥書,1
8306,捧紫泥泥書捧,1
8307,紫泥泥書捧處,1
8308,泥泥書捧處聖,1
8309,泥書捧處聖恩,1
8310,書捧處聖恩新,1
8311,捧處聖恩新許,1
8312,處聖恩新許覲,1
8313,聖恩新許覲庭,1
8314,恩新許覲庭闈,1
8315,新許覲庭闈養,1
8316,許覲庭闈養二,1
8317,覲庭闈養二親,1
8318,庭闈養二親螻,1
8319,闈養二親螻蟻,1
8320,養二親螻蟻至,1
8321,二親螻蟻至微,1
8322,親螻蟻至微寧,1
8323,螻蟻至微寧足,1
8324,蟻至微寧足數,1
8325,至微寧足數未,1
8326,微寧足數未知,1
8327,寧足數未知何,1
8328,足數未知何處,1
8329,數未知何處答,1
8330,未知何處答穹,1
8331,知何處答穹旻,1
8332,何處答穹旻煙,1
8333,處答穹旻煙波,1
8334,答穹旻煙波涉,1
8335,穹旻煙波涉曆,1
8336,旻煙波涉曆指,1
8337,煙波涉曆指家,1
8338,波涉曆指家林,1
8339,涉曆指家林欲,1
8340,曆指家林欲到,1
8341,指家林欲到家,1
8342,家林欲到家林,1
8343,林欲到家林懼,1
8344,欲到家林懼卻,1
8345,到家林懼卻深,1
8346,家林懼卻深得,1
8347,林懼卻深得信,1
8348,懼卻深得信慈,1
8349,卻深得信慈親,1
8350,深得信慈親痾,1
8351,得信慈親痾瘵,1
8352,信慈親痾瘵減,1
8353,慈親痾瘵減當,1
8354,親痾瘵減當時,1
8355,痾瘵減當時寬,1
8356,瘵減當時寬勉,1
8357,減當時寬勉采,1
8358,當時寬勉采蘭,1
8359,時寬勉采蘭心,1
8360,寬勉采蘭心誰,1
8361,勉采蘭心誰言,1
8362,采蘭心誰言多,1
8363,蘭心誰言多難,1
8364,心誰言多難後,1
8365,誰言多難後重,1
8366,言多難後重會,1
8367,多難後重會喜,1
8368,難後重會喜淹,1
8369,後重會喜淹留,1
8370,重會喜淹留欲,1
8371,會喜淹留欲話,1
8372,喜淹留欲話關,1
8373,淹留欲話關河,1
8374,留欲話關河夢,1
8375,欲話關河夢先,1
8376,話關河夢先驚,1
8377,關河夢先驚鬢,1
8378,河夢先驚鬢髮,1
8379,夢先驚鬢髮秋,1
8380,先驚鬢髮秋浮,1
8381,驚鬢髮秋浮雲,1
8382,鬢髮秋浮雲空,1
8383,髮秋浮雲空冉,1
8384,秋浮雲空冉冉,1
8385,浮雲空冉冉遠,1
8386,雲空冉冉遠水,1
8387,空冉冉遠水自,1
8388,冉冉遠水自悠,1
8389,冉遠水自悠悠,1
8390,遠水自悠悠多,1
8391,水自悠悠多謝,1
8392,自悠悠多謝開,1
8393,悠悠多謝開青,1
8394,悠多謝開青眼,1
8395,多謝開青眼攜,1
8396,謝開青眼攜壺,1
8397,開青眼攜壺共,1
8398,青眼攜壺共上,1
8399,眼攜壺共上樓,1
8400,攜壺共上樓掩,1
8401,壺共上樓掩門,1
8402,共上樓掩門三,1
8403,上樓掩門三徑,1
8404,樓掩門三徑莓,1
8405,掩門三徑莓苔,1
8406,門三徑莓苔綠,1
8407,三徑莓苔綠車,1
8408,徑莓苔綠車馬,1
8409,莓苔綠車馬誰,1
8410,苔綠車馬誰來,1
8411,綠車馬誰來陋,1
8412,車馬誰來陋巷,1
8413,馬誰來陋巷間,1
8414,誰來陋巷間臥,1
8415,來陋巷間臥棄,1
8416,陋巷間臥棄琴,1
8417,巷間臥棄琴書,1
8418,間臥棄琴書公,1
8419,臥棄琴書公幹,1
8420,棄琴書公幹病,1
8421,琴書公幹病笑,1
8422,書公幹病笑迎,1
8423,公幹病笑迎風,1
8424,幹病笑迎風月,1
8425,病笑迎風月步,1
8426,笑迎風月步兵,1
8427,迎風月步兵閑,1
8428,風月步兵閑當,1
8429,月步兵閑當秋,1
8430,步兵閑當秋每,1
8431,兵閑當秋每謝,1
8432,閑當秋每謝蛩,1
8433,當秋每謝蛩清,1
8434,秋每謝蛩清耳,1
8435,每謝蛩清耳漸,1
8436,謝蛩清耳漸老,1
8437,蛩清耳漸老多,1
8438,清耳漸老多慚,1
8439,耳漸老多慚酒,1
8440,漸老多慚酒借,1
8441,老多慚酒借顏,1
8442,多慚酒借顏濟,1
8443,慚酒借顏濟物,1
8444,酒借顏濟物未,1
8445,借顏濟物未能,1
8446,顏濟物未能伸,1
8447,濟物未能伸一,1
8448,物未能伸一術,1
8449,未能伸一術敢,1
8450,能伸一術敢於,1
8451,伸一術敢於明,1
8452,一術敢於明代,1
8453,術敢於明代愛,1
8454,敢於明代愛青,1
8455,於明代愛青山,1
8456,明代愛青山春,1
8457,代愛青山春霖,1
8458,愛青山春霖催,1
8459,青山春霖催得,1
8460,山春霖催得鎖,1
8461,春霖催得鎖煙,1
8462,霖催得鎖煙濃,1
8463,催得鎖煙濃竹,1
8464,得鎖煙濃竹院,1
8465,鎖煙濃竹院莎,1
8466,煙濃竹院莎齋,1
8467,濃竹院莎齋徑,1
8468,竹院莎齋徑小,1
8469,院莎齋徑小通,1
8470,莎齋徑小通誰,1
8471,齋徑小通誰愛,1
8472,徑小通誰愛落,1
8473,小通誰愛落花,1
8474,通誰愛落花風,1
8475,誰愛落花風味,1
8476,愛落花風味處,1
8477,落花風味處莫,1
8478,花風味處莫愁,1
8479,風味處莫愁門,1
8480,味處莫愁門巷,1
8481,處莫愁門巷襯,1
8482,莫愁門巷襯殘,1
8483,愁門巷襯殘紅,1
8484,門巷襯殘紅如,1
8485,巷襯殘紅如峰,1
8486,襯殘紅如峰形,1
8487,殘紅如峰形狀,1
8488,紅如峰形狀在,1
8489,如峰形狀在西,1
8490,峰形狀在西郊,1
8491,形狀在西郊未,1
8492,狀在西郊未見,1
8493,在西郊未見從,1
8494,西郊未見從龍,1
8495,郊未見從龍上,1
8496,未見從龍上泬,1
8497,見從龍上泬寥,1
8498,從龍上泬寥多,1
8499,龍上泬寥多謝,1
8500,上泬寥多謝好,1
8501,泬寥多謝好風,1
8502,寥多謝好風吹,1
8503,多謝好風吹起,1
8504,謝好風吹起後,1
8505,好風吹起後化,1
8506,風吹起後化為,1
8507,吹起後化為甘,1
8508,起後化為甘雨,1
8509,後化為甘雨濟,1
8510,化為甘雨濟田,1
8511,為甘雨濟田苗,1
8512,甘雨濟田苗永,1
8513,雨濟田苗永巷,1
8514,濟田苗永巷苔,1
8515,田苗永巷苔深,1
8516,苗永巷苔深戶,1
8517,永巷苔深戶半,1
8518,巷苔深戶半開,1
8519,苔深戶半開床,1
8520,深戶半開床頭,1
8521,戶半開床頭書,1
8522,半開床頭書劍,1
8523,開床頭書劍積,1
8524,床頭書劍積塵,1
8525,頭書劍積塵埃,1
8526,書劍積塵埃最,1
8527,劍積塵埃最憐,1
8528,積塵埃最憐小,1
8529,塵埃最憐小檻,1
8530,埃最憐小檻疏,1
8531,最憐小檻疏篁,1
8532,憐小檻疏篁晚,1
8533,小檻疏篁晚幽,1
8534,檻疏篁晚幽鳥,1
8535,疏篁晚幽鳥雙,1
8536,篁晚幽鳥雙雙,1
8537,晚幽鳥雙雙何,1
8538,幽鳥雙雙何處,1
8539,鳥雙雙何處來,1
8540,雙雙何處來染,1
8541,雙何處來染出,1
8542,何處來染出輕,1
8543,處來染出輕羅,1
8544,來染出輕羅莫,1
8545,染出輕羅莫相,1
8546,出輕羅莫相貴,1
8547,輕羅莫相貴古,1
8548,羅莫相貴古人,1
8549,莫相貴古人崇,1
8550,相貴古人崇儉,1
8551,貴古人崇儉誡,1
8552,古人崇儉誡奢,1
8553,人崇儉誡奢華,1
8554,崇儉誡奢華縣,1
8555,儉誡奢華縣庭,1
8556,誡奢華縣庭事,1
8557,奢華縣庭事簡,1
8558,華縣庭事簡得,1
8559,縣庭事簡得餘,1
8560,庭事簡得餘功,1
8561,事簡得餘功詩,1
8562,簡得餘功詩興,1
8563,得餘功詩興秋,1
8564,餘功詩興秋來,1
8565,功詩興秋來不,1
8566,詩興秋來不可,1
8567,興秋來不可窮,1
8568,秋來不可窮臥,1
8569,來不可窮臥聽,1
8570,不可窮臥聽寒,1
8571,可窮臥聽寒蛩,1
8572,窮臥聽寒蛩莎,1
8573,臥聽寒蛩莎砌,1
8574,聽寒蛩莎砌月,1
8575,寒蛩莎砌月行,1
8576,蛩莎砌月行沖,1
8577,莎砌月行沖落,1
8578,砌月行沖落葉,1
8579,月行沖落葉水,1
8580,行沖落葉水村,1
8581,沖落葉水村風,1
8582,落葉水村風愁,1
8583,葉水村風愁髭,1
8584,水村風愁髭漸,1
8585,村風愁髭漸去,1
8586,風愁髭漸去人,1
8587,愁髭漸去人前,1
8588,髭漸去人前白,1
8589,漸去人前白醉,1
8590,去人前白醉面,1
8591,人前白醉面猶,1
8592,前白醉面猶憐,1
8593,白醉面猶憐鑒,1
8594,醉面猶憐鑒裏,1
8595,面猶憐鑒裏紅,1
8596,猶憐鑒裏紅苦,1
8597,憐鑒裏紅苦恨,1
8598,鑒裏紅苦恨交,1
8599,裏紅苦恨交親,1
8600,紅苦恨交親多,1
8601,苦恨交親多契,1
8602,恨交親多契闊,1
8603,交親多契闊未,1
8604,親多契闊未知,1
8605,多契闊未知良,1
8606,契闊未知良會,1
8607,闊未知良會幾,1
8608,未知良會幾時,1
8609,知良會幾時同,1
8610,良會幾時同事,1
8611,會幾時同事簡,1
8612,幾時同事簡開,1
8613,時同事簡開樽,1
8614,同事簡開樽有,1
8615,事簡開樽有逸,1
8616,簡開樽有逸情,1
8617,開樽有逸情共,1
8618,樽有逸情共忻,1
8619,有逸情共忻官,1
8620,逸情共忻官舍,1
8621,情共忻官舍月,1
8622,共忻官舍月華,1
8623,忻官舍月華清,1
8624,官舍月華清每,1
8625,舍月華清每慚,1
8626,月華清每慚花,1
8627,華清每慚花欠,1
8628,清每慚花欠河,1
8629,每慚花欠河陽,1
8630,慚花欠河陽景,1
8631,花欠河陽景長,1
8632,欠河陽景長愧,1
8633,河陽景長愧琴,1
8634,陽景長愧琴無,1
8635,景長愧琴無單,1
8636,長愧琴無單父,1
8637,愧琴無單父聲,1
8638,琴無單父聲未,1
8639,無單父聲未泰,1
8640,單父聲未泰黎,1
8641,父聲未泰黎元,1
8642,聲未泰黎元慚,1
8643,未泰黎元慚曠,1
8644,泰黎元慚曠職,1
8645,黎元慚曠職縱,1
8646,元慚曠職縱行,1
8647,慚曠職縱行謙,1
8648,曠職縱行謙直,1
8649,職縱行謙直是,1
8650,縱行謙直是虛,1
8651,行謙直是虛名,1
8652,謙直是虛名與,1
8653,直是虛名與君,1
8654,是虛名與君盡,1
8655,虛名與君盡力,1
8656,名與君盡力行,1
8657,與君盡力行公,1
8658,君盡力行公道,1
8659,盡力行公道敢,1
8660,力行公道敢向,1
8661,行公道敢向昌,1
8662,公道敢向昌朝,1
8663,道敢向昌朝俟,1
8664,敢向昌朝俟陟,1
8665,向昌朝俟陟明,1
8666,昌朝俟陟明杜,1
8667,朝俟陟明杜宇,1
8668,俟陟明杜宇聲,1
8669,陟明杜宇聲中,1
8670,明杜宇聲中老,1
8671,杜宇聲中老病,1
8672,宇聲中老病心,1
8673,聲中老病心此,1
8674,中老病心此心,1
8675,老病心此心無,1
8676,病心此心無計,1
8677,心此心無計駐,1
8678,此心無計駐光,1
8679,心無計駐光陰,1
8680,無計駐光陰西,1
8681,計駐光陰西園,1
8682,駐光陰西園雨,1
8683,光陰西園雨過,1
8684,陰西園雨過好,1
8685,西園雨過好花,1
8686,園雨過好花盡,1
8687,雨過好花盡南,1
8688,過好花盡南陌,1
8689,好花盡南陌人,1
8690,花盡南陌人稀,1
8691,盡南陌人稀芳,1
8692,南陌人稀芳草,1
8693,陌人稀芳草深,1
8694,人稀芳草深喧,1
8695,稀芳草深喧夢,1
8696,芳草深喧夢卻,1
8697,草深喧夢卻嫌,1
8698,深喧夢卻嫌鶯,1
8699,喧夢卻嫌鶯語,1
8700,夢卻嫌鶯語老,1
8701,卻嫌鶯語老伴,1
8702,嫌鶯語老伴吟,1
8703,鶯語老伴吟惟,1
8704,語老伴吟惟怕,1
8705,老伴吟惟怕月,1
8706,伴吟惟怕月輪,1
8707,吟惟怕月輪沈,1
8708,惟怕月輪沈明,1
8709,怕月輪沈明年,1
8710,月輪沈明年才,1
8711,輪沈明年才候,1
8712,沈明年才候東,1
8713,明年才候東風,1
8714,年才候東風至,1
8715,才候東風至結,1
8716,候東風至結駟,1
8717,東風至結駟期,1
8718,風至結駟期君,1
8719,至結駟期君預,1
8720,結駟期君預去,1
8721,駟期君預去尋,1
8722,期君預去尋劚,1
8723,君預去尋劚開,1
8724,預去尋劚開幽,1
8725,去尋劚開幽澗,1
8726,尋劚開幽澗蘚,1
8727,劚開幽澗蘚苔,1
8728,開幽澗蘚苔斑,1
8729,幽澗蘚苔斑移,1
8730,澗蘚苔斑移得,1
8731,蘚苔斑移得孤,1
8732,苔斑移得孤根,1
8733,斑移得孤根植,1
8734,移得孤根植砌,1
8735,得孤根植砌前,1
8736,孤根植砌前影,1
8737,根植砌前影小,1
8738,植砌前影小未,1
8739,砌前影小未遮,1
8740,前影小未遮官,1
8741,影小未遮官舍,1
8742,小未遮官舍月,1
8743,未遮官舍月翠,1
8744,遮官舍月翠濃,1
8745,官舍月翠濃猶,1
8746,舍月翠濃猶帶,1
8747,月翠濃猶帶舊,1
8748,翠濃猶帶舊山,1
8749,濃猶帶舊山煙,1
8750,猶帶舊山煙群,1
8751,帶舊山煙群花,1
8752,舊山煙群花解,1
8753,山煙群花解笑,1
8754,煙群花解笑香,1
8755,群花解笑香寧,1
8756,花解笑香寧久,1
8757,解笑香寧久眾,1
8758,笑香寧久眾木,1
8759,香寧久眾木雖,1
8760,寧久眾木雖高,1
8761,久眾木雖高節,1
8762,眾木雖高節不,1
8763,木雖高節不堅,1
8764,雖高節不堅輸,1
8765,高節不堅輸我,1
8766,節不堅輸我婆,1
8767,不堅輸我婆娑,1
8768,堅輸我婆娑欄,1
8769,輸我婆娑欄檻,1
8770,我婆娑欄檻內,1
8771,婆娑欄檻內晚,1
8772,娑欄檻內晚風,1
8773,欄檻內晚風蕭,1
8774,檻內晚風蕭颯,1
8775,內晚風蕭颯學,1
8776,晚風蕭颯學幽,1
8777,風蕭颯學幽泉,1
8778,蕭颯學幽泉五,1
8779,颯學幽泉五更,1
8780,學幽泉五更初,1
8781,幽泉五更初起,1
8782,泉五更初起掃,1
8783,五更初起掃松,1
8784,更初起掃松堂,1
8785,初起掃松堂瞑,1
8786,起掃松堂瞑目,1
8787,掃松堂瞑目先,1
8788,松堂瞑目先焚,1
8789,堂瞑目先焚一,1
8790,瞑目先焚一炷,1
8791,目先焚一炷香,1
8792,先焚一炷香念,1
8793,焚一炷香念徹,1
8794,一炷香念徹蓮,1
8795,炷香念徹蓮經,1
8796,香念徹蓮經誰,1
8797,念徹蓮經誰得,1
8798,徹蓮經誰得見,1
8799,蓮經誰得見千,1
8800,經誰得見千峰,1
8801,誰得見千峰岩,1
8802,得見千峰岩外,1
8803,見千峰岩外曉,1
8804,千峰岩外曉蒼,1
8805,峰岩外曉蒼蒼,1
8806,岩外曉蒼蒼信,1
8807,外曉蒼蒼信步,1
8808,曉蒼蒼信步騰,1
8809,蒼蒼信步騰騰,1
8810,蒼信步騰騰野,1
8811,信步騰騰野岩,1
8812,步騰騰野岩邊,1
8813,騰騰野岩邊離,1
8814,騰野岩邊離家,1
8815,野岩邊離家都,1
8816,岩邊離家都為,1
8817,邊離家都為利,1
8818,離家都為利名,1
8819,家都為利名牽,1
8820,都為利名牽疏,1
8821,為利名牽疏林,1
8822,利名牽疏林一,1
8823,名牽疏林一路,1
8824,牽疏林一路斜,1
8825,疏林一路斜陽,1
8826,林一路斜陽裏,1
8827,一路斜陽裏颯,1
8828,路斜陽裏颯颯,1
8829,斜陽裏颯颯西,1
8830,陽裏颯颯西風,1
8831,裏颯颯西風滿,1
8832,颯颯西風滿耳,1
8833,颯西風滿耳蟬,1
8834,西風滿耳蟬溪,1
8835,風滿耳蟬溪上,1
8836,滿耳蟬溪上高,1
8837,耳蟬溪上高眠,1
8838,蟬溪上高眠與,1
8839,溪上高眠與鶴,1
8840,上高眠與鶴閑,1
8841,高眠與鶴閑開,1
8842,眠與鶴閑開樽,1
8843,與鶴閑開樽留,1
8844,鶴閑開樽留我,1
8845,閑開樽留我待,1
8846,開樽留我待柴,1
8847,樽留我待柴關,1
8848,留我待柴關園,1
8849,我待柴關園林,1
8850,待柴關園林月,1
8851,柴關園林月白,1
8852,關園林月白秋,1
8853,園林月白秋霖,1
8854,林月白秋霖歇,1
8855,月白秋霖歇一,1
8856,白秋霖歇一夜,1
8857,秋霖歇一夜泉,1
8858,霖歇一夜泉聲,1
8859,歇一夜泉聲似,1
8860,一夜泉聲似故,1
8861,夜泉聲似故山,1
8862,泉聲似故山夕,1
8863,聲似故山夕風,1
8864,似故山夕風庭,1
8865,故山夕風庭葉,1
8866,山夕風庭葉落,1
8867,夕風庭葉落誰,1
8868,風庭葉落誰見,1
8869,庭葉落誰見此,1
8870,葉落誰見此時,1
8871,落誰見此時情,1
8872,誰見此時情不,1
8873,見此時情不作,1
8874,此時情不作關,1
8875,時情不作關河,1
8876,情不作關河夢,1
8877,不作關河夢空,1
8878,作關河夢空聞,1
8879,關河夢空聞砧,1
8880,河夢空聞砧杵,1
8881,夢空聞砧杵聲,1
8882,空聞砧杵聲會,1
8883,聞砧杵聲會須,1
8884,砧杵聲會須求,1
8885,杵聲會須求至,1
8886,聲會須求至理,1
8887,會須求至理何,1
8888,須求至理何必,1
8889,求至理何必歎,1
8890,至理何必歎無,1
8891,理何必歎無成,1
8892,何必歎無成好,1
8893,必歎無成好約,1
8894,歎無成好約高,1
8895,無成好約高僧,1
8896,成好約高僧宿,1
8897,好約高僧宿同,1
8898,約高僧宿同看,1
8899,高僧宿同看海,1
8900,僧宿同看海月,1
8901,宿同看海月生,1
8902,同看海月生佐,1
8903,看海月生佐邑,1
8904,海月生佐邑慚,1
8905,月生佐邑慚無,1
8906,生佐邑慚無術,1
8907,佐邑慚無術敢,1
8908,邑慚無術敢言,1
8909,慚無術敢言貧,1
8910,無術敢言貧與,1
8911,術敢言貧與清,1
8912,敢言貧與清風,1
8913,言貧與清風騷,1
8914,貧與清風騷誰,1
8915,與清風騷誰是,1
8916,清風騷誰是主,1
8917,風騷誰是主煙,1
8918,騷誰是主煙月,1
8919,誰是主煙月自,1
8920,是主煙月自關,1
8921,主煙月自關情,1
8922,煙月自關情卷,1
8923,月自關情卷箔,1
8924,自關情卷箔當,1
8925,關情卷箔當山,1
8926,情卷箔當山色,1
8927,卷箔當山色開,1
8928,箔當山色開窗,1
8929,當山色開窗就,1
8930,山色開窗就竹,1
8931,色開窗就竹聲,1
8932,開窗就竹聲憐,1
8933,窗就竹聲憐君,1
8934,就竹聲憐君惠,1
8935,竹聲憐君惠嘉,1
8936,聲憐君惠嘉句,1
8937,憐君惠嘉句資,1
8938,君惠嘉句資我,1
8939,惠嘉句資我欲,1
8940,嘉句資我欲垂,1
8941,句資我欲垂名,1
8942,資我欲垂名忽,1
8943,我欲垂名忽起,1
8944,欲垂名忽起游,1
8945,垂名忽起游方,1
8946,名忽起游方念,1
8947,忽起游方念飄,1
8948,起游方念飄然,1
8949,游方念飄然不,1
8950,方念飄然不可,1
8951,飄然不可留未,1
8952,然不可留未知,1
8953,不可留未知攜,1
8954,可留未知攜一,1
8955,留未知攜一錫,1
8956,未知攜一錫乘,1
8957,知攜一錫乘興,1
8958,攜一錫乘興向,1
8959,一錫乘興向何,1
8960,錫乘興向何州,1
8961,乘興向何州古,1
8962,興向何州古岸,1
8963,向何州古岸春,1
8964,何州古岸春雲,1
8965,州古岸春雲散,1
8966,古岸春雲散遙,1
8967,岸春雲散遙天,1
8968,春雲散遙天晚,1
8969,雲散遙天晚雨,1
8970,散遙天晚雨收,1
8971,遙天晚雨收想,1
8972,天晚雨收想應,1
8973,晚雨收想應重,1
8974,雨收想應重會,1
8975,收想應重會面,1
8976,想應重會面風,1
8977,應重會面風月,1
8978,重會面風月又,1
8979,會面風月又清,1
8980,面風月又清秋,1
8981,風月又清秋新,1
8982,月又清秋新詩,1
8983,又清秋新詩開,1
8984,清秋新詩開卷,1
8985,秋新詩開卷處,1
8986,新詩開卷處造,1
8987,詩開卷處造化,1
8988,開卷處造化竭,1
8989,卷處造化竭精,1
8990,處造化竭精英,1
8991,造化竭精英雪,1
8992,化竭精英雪霽,1
8993,竭精英雪霽楚,1
8994,精英雪霽楚山,1
8995,英雪霽楚山碧,1
8996,雪霽楚山碧月,1
8997,霽楚山碧月高,1
8998,楚山碧月高湘,1
8999,山碧月高湘水,1
9000,碧月高湘水清,1
9001,月高湘水清初,1
9002,高湘水清初吟,1
9003,湘水清初吟塵,1
9004,水清初吟塵慮,1
9005,清初吟塵慮息,1
9006,初吟塵慮息再,1
9007,吟塵慮息再味,1
9008,塵慮息再味古,1
9009,慮息再味古風,1
9010,息再味古風生,1
9011,再味古風生自,1
9012,味古風生自此,1
9013,古風生自此寰,1
9014,風生自此寰區,1
9015,生自此寰區內,1
9016,自此寰區內喧,1
9017,此寰區內喧騰,1
9018,寰區內喧騰二,1
9019,區內喧騰二雅,1
9020,內喧騰二雅名,1
9021,喧騰二雅名浪,1
9022,騰二雅名浪跡,1
9023,二雅名浪跡天,1
9024,雅名浪跡天涯,1
9025,名浪跡天涯去,1
9026,浪跡天涯去南,1
9027,跡天涯去南荒,1
9028,天涯去南荒必,1
9029,涯去南荒必動,1
9030,去南荒必動情,1
9031,南荒必動情草,1
9032,荒必動情草青,1
9033,必動情草青虞,1
9034,動情草青虞帝,1
9035,情草青虞帝廟,1
9036,草青虞帝廟雲,1
9037,青虞帝廟雲暗,1
9038,虞帝廟雲暗夜,1
9039,帝廟雲暗夜郎,1
9040,廟雲暗夜郎城,1
9041,雲暗夜郎城越,1
9042,暗夜郎城越鳥,1
9043,夜郎城越鳥驚,1
9044,郎城越鳥驚鄉,1
9045,城越鳥驚鄉夢,1
9046,越鳥驚鄉夢蠻,1
9047,鳥驚鄉夢蠻風,1
9048,驚鄉夢蠻風解,1
9049,鄉夢蠻風解宿,1
9050,夢蠻風解宿酲,1
9051,蠻風解宿酲早,1
9052,風解宿酲早思,1
9053,解宿酲早思歸,1
9054,宿酲早思歸故,1
9055,酲早思歸故里,1
9056,早思歸故里華,1
9057,思歸故里華髮,1
9058,歸故里華髮等,1
9059,故里華髮等閒,1
9060,里華髮等閒生,1
9061,華髮等閒生事,1
9062,髮等閒生事簡,1
9063,等閒生事簡公,1
9064,閒生事簡公庭,1
9065,生事簡公庭靜,1
9066,事簡公庭靜開,1
9067,簡公庭靜開簾,1
9068,公庭靜開簾暑,1
9069,庭靜開簾暑氣,1
9070,靜開簾暑氣中,1
9071,開簾暑氣中依,1
9072,簾暑氣中依經,1
9073,暑氣中依經煎,1
9074,氣中依經煎綠,1
9075,中依經煎綠茗,1
9076,依經煎綠茗入,1
9077,經煎綠茗入竹,1
9078,煎綠茗入竹就,1
9079,綠茗入竹就清,1
9080,茗入竹就清風,1
9081,入竹就清風至,1
9082,竹就清風至論,1
9083,就清風至論招,1
9084,清風至論招禪,1
9085,風至論招禪客,1
9086,至論招禪客忘,1
9087,論招禪客忘機,1
9088,招禪客忘機憶,1
9089,禪客忘機憶釣,1
9090,客忘機憶釣翁,1
9091,忘機憶釣翁晚,1
9092,機憶釣翁晚涼,1
9093,憶釣翁晚涼安,1
9094,釣翁晚涼安枕,1
9095,翁晚涼安枕簟,1
9096,晚涼安枕簟海,1
9097,涼安枕簟海月,1
9098,安枕簟海月出,1
9099,枕簟海月出牆,1
9100,簟海月出牆東,1
9101,海月出牆東郵,1
9102,月出牆東郵舍,1
9103,出牆東郵舍殘,1
9104,牆東郵舍殘燈,1
9105,東郵舍殘燈在,1
9106,郵舍殘燈在村,1
9107,舍殘燈在村林,1
9108,殘燈在村林雞,1
9109,燈在村林雞唱,1
9110,在村林雞唱頻,1
9111,村林雞唱頻星,1
9112,林雞唱頻星河,1
9113,雞唱頻星河吟,1
9114,唱頻星河吟裏,1
9115,頻星河吟裏曉,1
9116,星河吟裏曉川,1
9117,河吟裏曉川陸,1
9118,吟裏曉川陸望,1
9119,裏曉川陸望中,1
9120,曉川陸望中春,1
9121,川陸望中春舊,1
9122,陸望中春舊友,1
9123,望中春舊友青,1
9124,中春舊友青雲,1
9125,春舊友青雲貴,1
9126,舊友青雲貴殊,1
9127,友青雲貴殊鄉,1
9128,青雲貴殊鄉素,1
9129,雲貴殊鄉素發,1
9130,貴殊鄉素發新,1
9131,殊鄉素發新悠,1
9132,鄉素發新悠悠,1
9133,素發新悠悠念,1
9134,發新悠悠念行,1
9135,新悠悠念行計,1
9136,悠悠念行計難,1
9137,悠念行計難更,1
9138,念行計難更駐,1
9139,行計難更駐征,1
9140,計難更駐征輪,1
9141,難更駐征輪旅,1
9142,更駐征輪旅次,1
9143,駐征輪旅次經,1
9144,征輪旅次經寒,1
9145,輪旅次經寒食,1
9146,旅次經寒食思,1
9147,次經寒食思鄉,1
9148,經寒食思鄉淚,1
9149,寒食思鄉淚濕,1
9150,食思鄉淚濕巾,1
9151,思鄉淚濕巾音,1
9152,鄉淚濕巾音書,1
9153,淚濕巾音書天,1
9154,濕巾音書天外,1
9155,巾音書天外斷,1
9156,音書天外斷桃,1
9157,書天外斷桃李,1
9158,天外斷桃李雨,1
9159,外斷桃李雨中,1
9160,斷桃李雨中春,1
9161,桃李雨中春欲,1
9162,李雨中春欲飲,1
9163,雨中春欲飲都,1
9164,中春欲飲都無,1
9165,春欲飲都無緒,1
9166,欲飲都無緒唯,1
9167,飲都無緒唯吟,1
9168,都無緒唯吟似,1
9169,無緒唯吟似有,1
9170,緒唯吟似有因,1
9171,唯吟似有因輸,1
9172,吟似有因輸他,1
9173,似有因輸他郊,1
9174,有因輸他郊郭,1
9175,因輸他郊郭外,1
9176,輸他郊郭外多,1
9177,他郊郭外多少,1
9178,郊郭外多少踏,1
9179,郭外多少踏青,1
9180,外多少踏青人,1
9181,多少踏青人寥,1
9182,少踏青人寥寥,1
9183,踏青人寥寥山,1
9184,青人寥寥山館,1
9185,人寥寥山館裏,1
9186,寥寥山館裏獨,1
9187,寥山館裏獨坐,1
9188,山館裏獨坐酒,1
9189,館裏獨坐酒初,1
9190,裏獨坐酒初醒,1
9191,獨坐酒初醒舊,1
9192,坐酒初醒舊業,1
9193,酒初醒舊業多,1
9194,初醒舊業多年,1
9195,醒舊業多年別,1
9196,舊業多年別秋,1
9197,業多年別秋霖,1
9198,多年別秋霖一,1
9199,年別秋霖一夜,1
9200,別秋霖一夜聽,1
9201,秋霖一夜聽砌,1
9202,霖一夜聽砌蛩,1
9203,一夜聽砌蛩聲,1
9204,夜聽砌蛩聲漸,1
9205,聽砌蛩聲漸息,1
9206,砌蛩聲漸息窗,1
9207,蛩聲漸息窗燭,1
9208,聲漸息窗燭影,1
9209,漸息窗燭影猶,1
9210,息窗燭影猶停,1
9211,窗燭影猶停早,1
9212,燭影猶停早晚,1
9213,影猶停早晚無,1
9214,猶停早晚無他,1
9215,停早晚無他事,1
9216,早晚無他事休,1
9217,晚無他事休如,1
9218,無他事休如泛,1
9219,他事休如泛水,1
9220,事休如泛水萍,1
9221,休如泛水萍寄,1
9222,如泛水萍寄宿,1
9223,泛水萍寄宿溪,1
9224,水萍寄宿溪光,1
9225,萍寄宿溪光裏,1
9226,寄宿溪光裏夜,1
9227,宿溪光裏夜涼,1
9228,溪光裏夜涼高,1
9229,光裏夜涼高士,1
9230,裏夜涼高士家,1
9231,夜涼高士家養,1
9232,涼高士家養風,1
9233,高士家養風窗,1
9234,士家養風窗外,1
9235,家養風窗外竹,1
9236,養風窗外竹叫,1
9237,風窗外竹叫月,1
9238,窗外竹叫月水,1
9239,外竹叫月水中,1
9240,竹叫月水中蛙,1
9241,叫月水中蛙靜,1
9242,月水中蛙靜慮,1
9243,水中蛙靜慮同,1
9244,中蛙靜慮同搜,1
9245,蛙靜慮同搜句,1
9246,靜慮同搜句清,1
9247,慮同搜句清神,1
9248,同搜句清神旋,1
9249,搜句清神旋煮,1
9250,句清神旋煮茶,1
9251,清神旋煮茶唯,1
9252,神旋煮茶唯憂,1
9253,旋煮茶唯憂曉,1
9254,煮茶唯憂曉雞,1
9255,茶唯憂曉雞唱,1
9256,唯憂曉雞唱塵,1
9257,憂曉雞唱塵裏,1
9258,曉雞唱塵裏事,1
9259,雞唱塵裏事如,1
9260,唱塵裏事如麻,1
9261,塵裏事如麻卸,1
9262,裏事如麻卸帆,1
9263,事如麻卸帆清,1
9264,如麻卸帆清夜,1
9265,麻卸帆清夜碧,1
9266,卸帆清夜碧江,1
9267,帆清夜碧江濱,1
9268,清夜碧江濱冉,1
9269,夜碧江濱冉冉,1
9270,碧江濱冉冉涼,1
9271,江濱冉冉涼風,1
9272,濱冉冉涼風動,1
9273,冉冉涼風動白,1
9274,冉涼風動白蘋,1
9275,涼風動白蘋波,1
9276,風動白蘋波上,1
9277,動白蘋波上正,1
9278,白蘋波上正吟,1
9279,蘋波上正吟新,1
9280,波上正吟新霽,1
9281,上正吟新霽月,1
9282,正吟新霽月岸,1
9283,吟新霽月岸頭,1
9284,新霽月岸頭恰,1
9285,霽月岸頭恰見,1
9286,月岸頭恰見故,1
9287,岸頭恰見故鄉,1
9288,頭恰見故鄉人,1
9289,恰見故鄉人共,1
9290,見故鄉人共驚,1
9291,故鄉人共驚別,1
9292,鄉人共驚別後,1
9293,人共驚別後霜,1
9294,共驚別後霜侵,1
9295,驚別後霜侵鬢,1
9296,別後霜侵鬢互,1
9297,後霜侵鬢互說,1
9298,霜侵鬢互說年,1
9299,侵鬢互說年來,1
9300,鬢互說年來疾,1
9301,互說年來疾逼,1
9302,說年來疾逼身,1
9303,年來疾逼身且,1
9304,來疾逼身且飲,1
9305,疾逼身且飲一,1
9306,逼身且飲一壺,1
9307,身且飲一壺銷,1
9308,且飲一壺銷百,1
9309,飲一壺銷百恨,1
9310,一壺銷百恨會,1
9311,壺銷百恨會須,1
9312,銷百恨會須遭,1
9313,百恨會須遭遇,1
9314,恨會須遭遇識,1
9315,會須遭遇識通,1
9316,須遭遇識通津,1
9317,遭遇識通津明,1
9318,遇識通津明日,1
9319,識通津明日鳴,1
9320,通津明日鳴鞭,1
9321,津明日鳴鞭天,1
9322,明日鳴鞭天一,1
9323,日鳴鞭天一涯,1
9324,鳴鞭天一涯悠,1
9325,鞭天一涯悠悠,1
9326,天一涯悠悠此,1
9327,一涯悠悠此夕,1
9328,涯悠悠此夕怯,1
9329,悠悠此夕怯分,1
9330,悠此夕怯分離,1
9331,此夕怯分離紅,1
9332,夕怯分離紅樓,1
9333,怯分離紅樓有,1
9334,分離紅樓有恨,1
9335,離紅樓有恨金,1
9336,紅樓有恨金波,1
9337,樓有恨金波轉,1
9338,有恨金波轉翠,1
9339,恨金波轉翠黛,1
9340,金波轉翠黛無,1
9341,波轉翠黛無言,1
9342,轉翠黛無言玉,1
9343,翠黛無言玉箸,1
9344,黛無言玉箸垂,1
9345,無言玉箸垂浮,1
9346,言玉箸垂浮蟻,1
9347,玉箸垂浮蟻不,1
9348,箸垂浮蟻不能,1
9349,垂浮蟻不能迷,1
9350,浮蟻不能迷遠,1
9351,蟻不能迷遠意,1
9352,不能迷遠意回,1
9353,能迷遠意回紋,1
9354,迷遠意回紋從,1
9355,遠意回紋從此,1
9356,意回紋從此寄,1
9357,回紋從此寄相,1
9358,紋從此寄相思,1
9359,從此寄相思花,1
9360,此寄相思花時,1
9361,寄相思花時定,1
9362,相思花時定是,1
9363,思花時定是慵,1
9364,花時定是慵開,1
9365,時定是慵開鑒,1
9366,定是慵開鑒獨,1
9367,是慵開鑒獨向,1
9368,慵開鑒獨向春,1
9369,開鑒獨向春風,1
9370,鑒獨向春風忍,1
9371,獨向春風忍掃,1
9372,向春風忍掃眉,1
9373,春風忍掃眉花,1
9374,風忍掃眉花綻,1
9375,忍掃眉花綻花,1
9376,掃眉花綻花開,1
9377,眉花綻花開事,1
9378,花綻花開事可,1
9379,綻花開事可驚,1
9380,花開事可驚暫,1
9381,開事可驚暫來,1
9382,事可驚暫來浮,1
9383,可驚暫來浮世,1
9384,驚暫來浮世返,1
9385,暫來浮世返蓬,1
9386,來浮世返蓬瀛,1
9387,浮世返蓬瀛楚,1
9388,世返蓬瀛楚宮,1
9389,返蓬瀛楚宮夢,1
9390,蓬瀛楚宮夢斷,1
9391,瀛楚宮夢斷雲,1
9392,楚宮夢斷雲空,1
9393,宮夢斷雲空在,1
9394,夢斷雲空在洛,1
9395,斷雲空在洛浦,1
9396,雲空在洛浦神,1
9397,空在洛浦神歸,1
9398,在洛浦神歸月,1
9399,洛浦神歸月自,1
9400,浦神歸月自明,1
9401,神歸月自明香,1
9402,歸月自明香解,1
9403,月自明香解返,1
9404,自明香解返魂,1
9405,明香解返魂成,1
9406,香解返魂成浪,1
9407,解返魂成浪語,1
9408,返魂成浪語膠,1
9409,魂成浪語膠能,1
9410,成浪語膠能續,1
9411,浪語膠能續斷,1
9412,語膠能續斷是,1
9413,膠能續斷是虛,1
9414,能續斷是虛名,1
9415,續斷是虛名音,1
9416,斷是虛名音容,1
9417,是虛名音容寂,1
9418,虛名音容寂寞,1
9419,名音容寂寞春,1
9420,音容寂寞春牢,1
9421,容寂寞春牢落,1
9422,寂寞春牢落誰,1
9423,寞春牢落誰會,1
9424,春牢落誰會樓,1
9425,牢落誰會樓中,1
9426,落誰會樓中獨,1
9427,誰會樓中獨立,1
9428,會樓中獨立情,1
9429,樓中獨立情睡,1
9430,中獨立情睡覺,1
9431,獨立情睡覺花,1
9432,立情睡覺花陰,1
9433,情睡覺花陰芳,1
9434,睡覺花陰芳草,1
9435,覺花陰芳草軟,1
9436,花陰芳草軟不,1
9437,陰芳草軟不知,1
9438,芳草軟不知明,1
9439,草軟不知明月,1
9440,軟不知明月出,1
9441,不知明月出牆,1
9442,知明月出牆東,1
9443,明月出牆東杯,1
9444,月出牆東杯盤,1
9445,出牆東杯盤狼,1
9446,牆東杯盤狼藉,1
9447,東杯盤狼藉人,1
9448,杯盤狼藉人何,1
9449,盤狼藉人何處,1
9450,狼藉人何處聚,1
9451,藉人何處聚散,1
9452,人何處聚散空,1
9453,何處聚散空驚,1
9454,處聚散空驚似,1
9455,聚散空驚似夢,1
9456,散空驚似夢中,1
9457,空驚似夢中煙,1
9458,驚似夢中煙霞,1
9459,似夢中煙霞聚,1
9460,夢中煙霞聚散,1
9461,中煙霞聚散通,1
9462,煙霞聚散通三,1
9463,霞聚散通三島,1
9464,聚散通三島星,1
9465,散通三島星斗,1
9466,通三島星斗分,1
9467,三島星斗分明,1
9468,島星斗分明在,1
9469,星斗分明在一,1
9470,斗分明在一壺,1
9471,分明在一壺笑,1
9472,明在一壺笑說,1
9473,在一壺笑說餘,1
9474,一壺笑說餘杭,1
9475,壺笑說餘杭沽,1
9476,笑說餘杭沽酒,1
9477,說餘杭沽酒去,1
9478,餘杭沽酒去蔡,1
9479,杭沽酒去蔡家,1
9480,沽酒去蔡家重,1
9481,酒去蔡家重要,1
9482,去蔡家重要會,1
9483,蔡家重要會麻,1
9484,家重要會麻姑,1
9485,重要會麻姑長,1
9486,要會麻姑長笛,1
9487,會麻姑長笛聲,1
9488,麻姑長笛聲中,1
9489,姑長笛聲中海,1
9490,長笛聲中海月,1
9491,笛聲中海月飛,1
9492,聲中海月飛桃,1
9493,中海月飛桃花,1
9494,海月飛桃花零,1
9495,月飛桃花零落,1
9496,飛桃花零落滿,1
9497,桃花零落滿庭,1
9498,花零落滿庭墀,1
9499,零落滿庭墀魂,1
9500,落滿庭墀魂銷,1
9501,滿庭墀魂銷事,1
9502,庭墀魂銷事去,1
9503,墀魂銷事去無,1
9504,魂銷事去無尋,1
9505,銷事去無尋處,1
9506,事去無尋處酒,1
9507,去無尋處酒醒,1
9508,無尋處酒醒孤,1
9509,尋處酒醒孤吟,1
9510,處酒醒孤吟不,1
9511,酒醒孤吟不寐,1
9512,醒孤吟不寐時,1
9513,孤吟不寐時萱,1
9514,吟不寐時萱草,1
9515,不寐時萱草豈,1
9516,寐時萱草豈能,1
9517,時萱草豈能忘,1
9518,萱草豈能忘積,1
9519,草豈能忘積恨,1
9520,豈能忘積恨尺,1
9521,能忘積恨尺書,1
9522,忘積恨尺書誰,1
9523,積恨尺書誰與,1
9524,恨尺書誰與達,1
9525,尺書誰與達相,1
9526,書誰與達相思,1
9527,誰與達相思悠,1
9528,與達相思悠悠,1
9529,達相思悠悠方,1
9530,相思悠悠方寸,1
9531,思悠悠方寸何,1
9532,悠悠方寸何因,1
9533,悠方寸何因解,1
9534,方寸何因解明,1
9535,寸何因解明日,1
9536,何因解明日江,1
9537,因解明日江樓,1
9538,解明日江樓望,1
9539,明日江樓望渺,1
9540,日江樓望渺彌,1
9541,江樓望渺彌候,1
9542,樓望渺彌候館,1
9543,望渺彌候館寥,1
9544,渺彌候館寥寥,1
9545,彌候館寥寥輟,1
9546,候館寥寥輟棹,1
9547,館寥寥輟棹過,1
9548,寥寥輟棹過酒,1
9549,寥輟棹過酒醒,1
9550,輟棹過酒醒無,1
9551,棹過酒醒無奈,1
9552,過酒醒無奈旅,1
9553,酒醒無奈旅愁,1
9554,醒無奈旅愁何,1
9555,無奈旅愁何雨,1
9556,奈旅愁何雨昏,1
9557,旅愁何雨昏郊,1
9558,愁何雨昏郊郭,1
9559,何雨昏郊郭行,1
9560,雨昏郊郭行人,1
9561,昏郊郭行人少,1
9562,郊郭行人少葦,1
9563,郭行人少葦暗,1
9564,行人少葦暗汀,1
9565,人少葦暗汀洲,1
9566,少葦暗汀洲宿,1
9567,葦暗汀洲宿雁,1
9568,暗汀洲宿雁多,1
9569,汀洲宿雁多幹,1
9570,洲宿雁多幹祿,1
9571,宿雁多幹祿已,1
9572,雁多幹祿已悲,1
9573,多幹祿已悲凋,1
9574,幹祿已悲凋髮,1
9575,祿已悲凋髮鬢,1
9576,已悲凋髮鬢結,1
9577,悲凋髮鬢結茅,1
9578,凋髮鬢結茅終,1
9579,髮鬢結茅終愧,1
9580,鬢結茅終愧負,1
9581,結茅終愧負煙,1
9582,茅終愧負煙蘿,1
9583,終愧負煙蘿篇,1
9584,愧負煙蘿篇章,1
9585,負煙蘿篇章早,1
9586,煙蘿篇章早晚,1
9587,蘿篇章早晚逢,1
9588,篇章早晚逢知,1
9589,章早晚逢知己,1
9590,早晚逢知己苦,1
9591,晚逢知己苦志,1
9592,逢知己苦志忘,1
9593,知己苦志忘形,1
9594,己苦志忘形自,1
9595,苦志忘形自有,1
9596,志忘形自有魔,1
9597,忘形自有魔翠,1
9598,形自有魔翠色,1
9599,自有魔翠色晴,1
9600,有魔翠色晴來,1
9601,魔翠色晴來近,1
9602,翠色晴來近長,1
9603,色晴來近長亭,1
9604,晴來近長亭路,1
9605,來近長亭路去,1
9606,近長亭路去遙,1
9607,長亭路去遙無,1
9608,亭路去遙無人,1
9609,路去遙無人折,1
9610,去遙無人折煙,1
9611,遙無人折煙縷,1
9612,無人折煙縷落,1
9613,人折煙縷落日,1
9614,折煙縷落日拂,1
9615,煙縷落日拂溪,1
9616,縷落日拂溪橋,1
9617,落日拂溪橋顏,1
9618,日拂溪橋顏色,1
9619,拂溪橋顏色尤,1
9620,溪橋顏色尤難,1
9621,橋顏色尤難近,1
9622,顏色尤難近馨,1
9623,色尤難近馨香,1
9624,尤難近馨香不,1
9625,難近馨香不易,1
9626,近馨香不易通,1
9627,馨香不易通朱,1
9628,香不易通朱門,1
9629,不易通朱門金,1
9630,易通朱門金鎖,1
9631,通朱門金鎖隔,1
9632,朱門金鎖隔空,1
9633,門金鎖隔空使,1
9634,金鎖隔空使怨,1
9635,鎖隔空使怨春,1
9636,隔空使怨春風,1
9637,空使怨春風綺,1
9638,使怨春風綺羅,1
9639,怨春風綺羅香,1
9640,春風綺羅香未,1
9641,風綺羅香未歇,1
9642,綺羅香未歇絲,1
9643,羅香未歇絲竹,1
9644,香未歇絲竹韻,1
9645,未歇絲竹韻猶,1
9646,歇絲竹韻猶遲,1
9647,絲竹韻猶遲明,1
9648,竹韻猶遲明日,1
9649,韻猶遲明日踏,1
9650,猶遲明日踏青,1
9651,遲明日踏青興,1
9652,明日踏青興輸,1
9653,日踏青興輸他,1
9654,踏青興輸他輕,1
9655,青興輸他輕薄,1
9656,興輸他輕薄兒,1
9657,輸他輕薄兒煙,1
9658,他輕薄兒煙蘿,1
9659,輕薄兒煙蘿擁,1
9660,薄兒煙蘿擁竹,1
9661,兒煙蘿擁竹關,1
9662,煙蘿擁竹關物,1
9663,蘿擁竹關物外,1
9664,擁竹關物外自,1
9665,竹關物外自求,1
9666,關物外自求安,1
9667,物外自求安逼,1
9668,外自求安逼枕,1
9669,自求安逼枕溪,1
9670,求安逼枕溪聲,1
9671,安逼枕溪聲近,1
9672,逼枕溪聲近當,1
9673,枕溪聲近當簷,1
9674,溪聲近當簷嶽,1
9675,聲近當簷嶽色,1
9676,近當簷嶽色寒,1
9677,當簷嶽色寒藥,1
9678,簷嶽色寒藥苗,1
9679,嶽色寒藥苗應,1
9680,色寒藥苗應自,1
9681,寒藥苗應自采,1
9682,藥苗應自采琴,1
9683,苗應自采琴調,1
9684,應自采琴調對,1
9685,自采琴調對誰,1
9686,采琴調對誰彈,1
9687,琴調對誰彈待,1
9688,調對誰彈待了,1
9689,對誰彈待了浮,1
9690,誰彈待了浮名,1
9691,彈待了浮名後,1
9692,待了浮名後依,1
9693,了浮名後依君,1
9694,浮名後依君共,1
9695,名後依君共掛,1
9696,後依君共掛冠,1
9697,依君共掛冠何,1
9698,君共掛冠何處,1
9699,共掛冠何處懷,1
9700,掛冠何處懷君,1
9701,冠何處懷君切,1
9702,何處懷君切令,1
9703,處懷君切令人,1
9704,懷君切令人欲,1
9705,君切令人欲白,1
9706,切令人欲白頭,1
9707,令人欲白頭偶,1
9708,人欲白頭偶尋,1
9709,欲白頭偶尋花,1
9710,白頭偶尋花外,1
9711,頭偶尋花外寺,1
9712,偶尋花外寺獨,1
9713,尋花外寺獨立,1
9714,花外寺獨立水,1
9715,外寺獨立水邊,1
9716,寺獨立水邊樓,1
9717,獨立水邊樓不,1
9718,立水邊樓不得,1
9719,水邊樓不得論,1
9720,邊樓不得論休,1
9721,樓不得論休戚,1
9722,不得論休戚何,1
9723,得論休戚何因,1
9724,論休戚何因校,1
9725,休戚何因校獻,1
9726,戚何因校獻酬,1
9727,何因校獻酬吟,1
9728,因校獻酬吟餘,1
9729,校獻酬吟餘興,1
9730,獻酬吟餘興難,1
9731,酬吟餘興難盡,1
9732,吟餘興難盡風,1
9733,餘興難盡風笛,1
9734,興難盡風笛起,1
9735,難盡風笛起漁,1
9736,盡風笛起漁舟,1
9737,風笛起漁舟相,1
9738,笛起漁舟相送,1
9739,起漁舟相送煙,1
9740,漁舟相送煙汀,1
9741,舟相送煙汀畔,1
9742,相送煙汀畔酒,1
9743,送煙汀畔酒闌,1
9744,煙汀畔酒闌登,1
9745,汀畔酒闌登小,1
9746,畔酒闌登小舟,1
9747,酒闌登小舟離,1
9748,闌登小舟離京,1
9749,登小舟離京梅,1
9750,小舟離京梅雨,1
9751,舟離京梅雨歇,1
9752,離京梅雨歇到,1
9753,京梅雨歇到邑,1
9754,梅雨歇到邑早,1
9755,雨歇到邑早蟬,1
9756,歇到邑早蟬秋,1
9757,到邑早蟬秋俗,1
9758,邑早蟬秋俗必,1
9759,早蟬秋俗必期,1
9760,蟬秋俗必期康,1
9761,秋俗必期康濟,1
9762,俗必期康濟詩,1
9763,必期康濟詩誰,1
9764,期康濟詩誰互,1
9765,康濟詩誰互唱,1
9766,濟詩誰互唱酬,1
9767,詩誰互唱酬晚,1
9768,誰互唱酬晚涼,1
9769,互唱酬晚涼諸,1
9770,唱酬晚涼諸吏,1
9771,酬晚涼諸吏散,1
9772,晚涼諸吏散海,1
9773,涼諸吏散海月,1
9774,諸吏散海月入,1
9775,吏散海月入虛,1
9776,散海月入虛樓,1
9777,海月入虛樓落,1
9778,月入虛樓落絮,1
9779,入虛樓落絮飛,1
9780,虛樓落絮飛花,1
9781,樓落絮飛花日,1
9782,落絮飛花日又,1
9783,絮飛花日又西,1
9784,飛花日又西踏,1
9785,花日又西踏青,1
9786,日又西踏青無,1
9787,又西踏青無侶,1
9788,西踏青無侶草,1
9789,踏青無侶草萋,1
9790,青無侶草萋萋,1
9791,無侶草萋萋交,1
9792,侶草萋萋交親,1
9793,草萋萋交親書,1
9794,萋萋交親書斷,1
9795,萋交親書斷竟,1
9796,交親書斷竟不,1
9797,親書斷竟不到,1
9798,書斷竟不到忍,1
9799,斷竟不到忍聽,1
9800,竟不到忍聽黃,1
9801,不到忍聽黃昏,1
9802,到忍聽黃昏杜,1
9803,忍聽黃昏杜宇,1
9804,聽黃昏杜宇啼,1
9805,黃昏杜宇啼水,1
9806,昏杜宇啼水鄉,1
9807,杜宇啼水鄉明,1
9808,宇啼水鄉明月,1
9809,啼水鄉明月上,1
9810,水鄉明月上晴,1
9811,鄉明月上晴空,1
9812,明月上晴空汀,1
9813,月上晴空汀島,1
9814,上晴空汀島香,1
9815,晴空汀島香生,1
9816,空汀島香生杜,1
9817,汀島香生杜若,1
9818,島香生杜若風,1
9819,香生杜若風不,1
9820,生杜若風不是,1
9821,杜若風不是當,1
9822,若風不是當年,1
9823,風不是當年獨,1
9824,不是當年獨醒,1
9825,是當年獨醒客,1
9826,當年獨醒客且,1
9827,年獨醒客且沽,1
9828,獨醒客且沽村,1
9829,醒客且沽村酒,1
9830,客且沽村酒待,1
9831,且沽村酒待漁,1
9832,沽村酒待漁翁,1
9833,村酒待漁翁官,1
9834,酒待漁翁官況,1
9835,待漁翁官況蕭,1
9836,漁翁官況蕭條,1
9837,翁官況蕭條在,1
9838,官況蕭條在水,1
9839,況蕭條在水村,1
9840,蕭條在水村吏,1
9841,條在水村吏歸,1
9842,在水村吏歸無,1
9843,水村吏歸無事,1
9844,村吏歸無事好,1
9845,吏歸無事好論,1
9846,歸無事好論文,1
9847,無事好論文枕,1
9848,事好論文枕欹,1
9849,好論文枕欹獨,1
9850,論文枕欹獨聽,1
9851,文枕欹獨聽殘,1
9852,枕欹獨聽殘春,1
9853,欹獨聽殘春雨,1
9854,獨聽殘春雨夢,1
9855,聽殘春雨夢去,1
9856,殘春雨夢去空,1
9857,春雨夢去空尋,1
9858,雨夢去空尋五,1
9859,夢去空尋五老,1
9860,去空尋五老雲,1
9861,空尋五老雲竹,1
9862,尋五老雲竹徑,1
9863,五老雲竹徑每,1
9864,老雲竹徑每憐,1
9865,雲竹徑每憐和,1
9866,竹徑每憐和蘚,1
9867,徑每憐和蘚步,1
9868,每憐和蘚步禽,1
9869,憐和蘚步禽聲,1
9870,和蘚步禽聲偏,1
9871,蘚步禽聲偏愛,1
9872,步禽聲偏愛隔,1
9873,禽聲偏愛隔花,1
9874,聲偏愛隔花聞,1
9875,偏愛隔花聞詩,1
9876,愛隔花聞詩情,1
9877,隔花聞詩情冷,1
9878,花聞詩情冷淡,1
9879,聞詩情冷淡知,1
9880,詩情冷淡知音,1
9881,情冷淡知音少,1
9882,冷淡知音少獨,1
9883,淡知音少獨喜,1
9884,知音少獨喜江,1
9885,音少獨喜江皋,1
9886,少獨喜江皋得,1
9887,獨喜江皋得見,1
9888,喜江皋得見君,1
9889,江皋得見君霞,1
9890,皋得見君霞帔,1
9891,得見君霞帔星,1
9892,見君霞帔星冠,1
9893,君霞帔星冠複,1
9894,霞帔星冠複杖,1
9895,帔星冠複杖藜,1
9896,星冠複杖藜積,1
9897,冠複杖藜積年,1
9898,複杖藜積年修,1
9899,杖藜積年修煉,1
9900,藜積年修煉住,1
9901,積年修煉住靈,1
9902,年修煉住靈溪,1
9903,修煉住靈溪松,1
9904,煉住靈溪松軒,1
9905,住靈溪松軒睡,1
9906,靈溪松軒睡覺,1
9907,溪松軒睡覺冷,1
9908,松軒睡覺冷雲,1
9909,軒睡覺冷雲起,1
9910,睡覺冷雲起石,1
9911,覺冷雲起石磴,1
9912,冷雲起石磴坐,1
9913,雲起石磴坐來,1
9914,起石磴坐來春,1
9915,石磴坐來春日,1
9916,磴坐來春日西,1
9917,坐來春日西采,1
9918,來春日西采藥,1
9919,春日西采藥每,1
9920,日西采藥每尋,1
9921,西采藥每尋岩,1
9922,采藥每尋岩徑,1
9923,藥每尋岩徑遠,1
9924,每尋岩徑遠彈,1
9925,尋岩徑遠彈琴,1
9926,岩徑遠彈琴常,1
9927,徑遠彈琴常到,1
9928,遠彈琴常到月,1
9929,彈琴常到月輪,1
9930,琴常到月輪低,1
9931,常到月輪低鼎,1
9932,到月輪低鼎中,1
9933,月輪低鼎中龍,1
9934,輪低鼎中龍虎,1
9935,低鼎中龍虎功,1
9936,鼎中龍虎功成,1
9937,中龍虎功成後,1
9938,龍虎功成後海,1
9939,虎功成後海上,1
9940,功成後海上三,1
9941,成後海上三山,1
9942,後海上三山去,1
9943,海上三山去不,1
9944,上三山去不迷,1
9945,三山去不迷蛾,1
9946,山去不迷蛾眉,1
9947,去不迷蛾眉翻,1
9948,不迷蛾眉翻自,1
9949,迷蛾眉翻自累,1
9950,蛾眉翻自累萬,1
9951,眉翻自累萬里,1
9952,翻自累萬里陷,1
9953,自累萬里陷窮,1
9954,累萬里陷窮邊,1
9955,萬里陷窮邊滴,1
9956,里陷窮邊滴淚,1
9957,陷窮邊滴淚胡,1
9958,窮邊滴淚胡風,1
9959,邊滴淚胡風起,1
9960,滴淚胡風起寬,1
9961,淚胡風起寬心,1
9962,胡風起寬心漢,1
9963,風起寬心漢月,1
9964,起寬心漢月圓,1
9965,寬心漢月圓飛,1
9966,心漢月圓飛塵,1
9967,漢月圓飛塵長,1
9968,月圓飛塵長翳,1
9969,圓飛塵長翳日,1
9970,飛塵長翳日白,1
9971,塵長翳日白草,1
9972,長翳日白草自,1
9973,翳日白草自連,1
9974,日白草自連天,1
9975,白草自連天誰,1
9976,草自連天誰貢,1
9977,自連天誰貢和,1
9978,連天誰貢和親,1
9979,天誰貢和親策,1
9980,誰貢和親策千,1
9981,貢和親策千秋,1
9982,和親策千秋汙,1
9983,親策千秋汙簡,1
9984,策千秋汙簡編,1
9985,千秋汙簡編知,1
9986,秋汙簡編知君,1
9987,汙簡編知君歸,1
9988,簡編知君歸覲,1
9989,編知君歸覲省,1
9990,知君歸覲省稱,1
9991,君歸覲省稱意,1
9992,歸覲省稱意涉,1
9993,覲省稱意涉通,1
9994,省稱意涉通津,1
9995,稱意涉通津解,1
9996,意涉通津解纜,1
9997,涉通津解纜汀,1
9998,通津解纜汀洲,1
9999,津解纜汀洲曉,1
10000,解纜汀洲曉張,1
10001,纜汀洲曉張帆,1
10002,汀洲曉張帆煙,1
10003,洲曉張帆煙水,1
10004,曉張帆煙水春,1
10005,張帆煙水春牽,1
10006,帆煙水春牽吟,1
10007,煙水春牽吟芳,1
10008,水春牽吟芳草,1
10009,春牽吟芳草遠,1
10010,牽吟芳草遠貰,1
10011,吟芳草遠貰酒,1
10012,芳草遠貰酒亂,1
10013,草遠貰酒亂花,1
10014,遠貰酒亂花新,1
10015,貰酒亂花新拜,1
10016,酒亂花新拜慶,1
10017,亂花新拜慶庭,1
10018,花新拜慶庭闈,1
10019,新拜慶庭闈處,1
10020,拜慶庭闈處蟾,1
10021,慶庭闈處蟾枝,1
10022,庭闈處蟾枝香,1
10023,闈處蟾枝香滿,1
10024,處蟾枝香滿身,1
10025,蟾枝香滿身高,1
10026,枝香滿身高秋,1
10027,香滿身高秋水,1
10028,滿身高秋水村,1
10029,身高秋水村路,1
10030,高秋水村路隔,1
10031,秋水村路隔岸,1
10032,水村路隔岸見,1
10033,村路隔岸見人,1
10034,路隔岸見人家,1
10035,隔岸見人家好,1
10036,岸見人家好是,1
10037,見人家好是經,1
10038,人家好是經霜,1
10039,家好是經霜葉,1
10040,好是經霜葉紅,1
10041,是經霜葉紅於,1
10042,經霜葉紅於帶,1
10043,霜葉紅於帶露,1
10044,葉紅於帶露花,1
10045,紅於帶露花臨,1
10046,於帶露花臨罾,1
10047,帶露花臨罾魚,1
10048,露花臨罾魚易,1
10049,花臨罾魚易得,1
10050,臨罾魚易得就,1
10051,罾魚易得就店,1
10052,魚易得就店酒,1
10053,易得就店酒難,1
10054,得就店酒難賒,1
10055,就店酒難賒吟,1
10056,店酒難賒吟興,1
10057,酒難賒吟興胡,1
10058,難賒吟興胡能,1
10059,賒吟興胡能盡,1
10060,吟興胡能盡風,1
10061,興胡能盡風清,1
10062,胡能盡風清日,1
10063,能盡風清日又,1
10064,盡風清日又斜,1
10065,風清日又斜月,1
10066,清日又斜月冷,1
10067,日又斜月冷莎,1
10068,又斜月冷莎庭,1
10069,斜月冷莎庭夜,1
10070,月冷莎庭夜已,1
10071,冷莎庭夜已深,1
10072,莎庭夜已深百,1
10073,庭夜已深百蟲,1
10074,夜已深百蟲聲,1
10075,已深百蟲聲外,1
10076,深百蟲聲外有,1
10077,百蟲聲外有清,1
10078,蟲聲外有清音,1
10079,聲外有清音詩,1
10080,外有清音詩情,1
10081,有清音詩情正,1
10082,清音詩情正苦,1
10083,音詩情正苦無,1
10084,詩情正苦無眠,1
10085,情正苦無眠處,1
10086,正苦無眠處愧,1
10087,苦無眠處愧爾,1
10088,無眠處愧爾階,1
10089,眠處愧爾階前,1
10090,處愧爾階前相,1
10091,愧爾階前相伴,1
10092,爾階前相伴吟,1
10093,階前相伴吟宦,1
10094,前相伴吟宦途,1
10095,相伴吟宦途憔,1
10096,伴吟宦途憔悴,1
10097,吟宦途憔悴雪,1
10098,宦途憔悴雪生,1
10099,途憔悴雪生頭,1
10100,憔悴雪生頭家,1
10101,悴雪生頭家計,1
10102,雪生頭家計相,1
10103,生頭家計相牽,1
10104,頭家計相牽未,1
10105,家計相牽未得,1
10106,計相牽未得休,1
10107,相牽未得休紅,1
10108,牽未得休紅蓼,1
10109,未得休紅蓼白,1
10110,得休紅蓼白蘋,1
10111,休紅蓼白蘋消,1
10112,紅蓼白蘋消息,1
10113,蓼白蘋消息斷,1
10114,白蘋消息斷舊,1
10115,蘋消息斷舊溪,1
10116,消息斷舊溪煙,1
10117,息斷舊溪煙月,1
10118,斷舊溪煙月負,1
10119,舊溪煙月負漁,1
10120,溪煙月負漁舟,1
10121,煙月負漁舟沉,1
10122,月負漁舟沉沉,1
10123,負漁舟沉沉石,1
10124,漁舟沉沉石室,1
10125,舟沉沉石室疏,1
10126,沉沉石室疏鐘,1
10127,沉石室疏鐘後,1
10128,石室疏鐘後寂,1
10129,室疏鐘後寂寂,1
10130,疏鐘後寂寂莎,1
10131,鐘後寂寂莎池,1
10132,後寂寂莎池片,1
10133,寂寂莎池片月,1
10134,寂莎池片月明,1
10135,莎池片月明多,1
10136,池片月明多少,1
10137,片月明多少學,1
10138,月明多少學徒,1
10139,明多少學徒求,1
10140,多少學徒求妙,1
10141,少學徒求妙法,1
10142,學徒求妙法要,1
10143,徒求妙法要於,1
10144,求妙法要於言,1
10145,妙法要於言下,1
10146,法要於言下悟,1
10147,要於言下悟無,1
10148,於言下悟無生,1
10149,言下悟無生壇,1
10150,下悟無生壇畔,1
10151,悟無生壇畔歸,1
10152,無生壇畔歸雲,1
10153,生壇畔歸雲冷,1
10154,壇畔歸雲冷濕,1
10155,畔歸雲冷濕襟,1
10156,歸雲冷濕襟拂,1
10157,雲冷濕襟拂苔,1
10158,冷濕襟拂苔移,1
10159,濕襟拂苔移石,1
10160,襟拂苔移石坐,1
10161,拂苔移石坐花,1
10162,苔移石坐花陰,1
10163,移石坐花陰偶,1
10164,石坐花陰偶然,1
10165,坐花陰偶然醒,1
10166,花陰偶然醒得,1
10167,陰偶然醒得莊,1
10168,偶然醒得莊周,1
10169,然醒得莊周夢,1
10170,醒得莊周夢始,1
10171,得莊周夢始覺,1
10172,莊周夢始覺玄,1
10173,周夢始覺玄門,1
10174,夢始覺玄門興,1
10175,始覺玄門興味,1
10176,覺玄門興味深,1
10177,玄門興味深風,1
10178,門興味深風狂,1
10179,興味深風狂雨,1
10180,味深風狂雨暗,1
10181,深風狂雨暗舟,1
10182,風狂雨暗舟人,1
10183,狂雨暗舟人懼,1
10184,雨暗舟人懼自,1
10185,暗舟人懼自委,1
10186,舟人懼自委神,1
10187,人懼自委神明,1
10188,懼自委神明志,1
10189,自委神明志不,1
10190,委神明志不邪,1
10191,神明志不邪投,1
10192,明志不邪投得,1
10193,志不邪投得葦,1
10194,不邪投得葦灣,1
10195,邪投得葦灣波,1
10196,投得葦灣波浪,1
10197,得葦灣波浪息,1
10198,葦灣波浪息岸,1
10199,灣波浪息岸頭,1
10200,波浪息岸頭煙,1
10201,浪息岸頭煙火,1
10202,息岸頭煙火近,1
10203,岸頭煙火近人,1
10204,頭煙火近人家,1
10205,煙火近人家江,1
10206,火近人家江島,1
10207,近人家江島窮,1
10208,人家江島窮秋,1
10209,家江島窮秋木,1
10210,江島窮秋木葉,1
10211,島窮秋木葉稀,1
10212,窮秋木葉稀月,1
10213,秋木葉稀月高,1
10214,木葉稀月高何,1
10215,葉稀月高何處,1
10216,稀月高何處搗,1
10217,月高何處搗寒,1
10218,高何處搗寒衣,1
10219,何處搗寒衣苦,1
10220,處搗寒衣苦嗟,1
10221,搗寒衣苦嗟不,1
10222,寒衣苦嗟不見,1
10223,衣苦嗟不見登,1
10224,苦嗟不見登龍,1
10225,嗟不見登龍客,1
10226,不見登龍客此,1
10227,見登龍客此夜,1
10228,登龍客此夜悠,1
10229,龍客此夜悠悠,1
10230,客此夜悠悠一,1
10231,此夜悠悠一夢,1
10232,夜悠悠一夢飛,1
10233,悠悠一夢飛星,1
10234,悠一夢飛星河,1
10235,一夢飛星河耿,1
10236,夢飛星河耿耿,1
10237,飛星河耿耿正,1
10238,星河耿耿正新,1
10239,河耿耿正新秋,1
10240,耿耿正新秋絲,1
10241,耿正新秋絲竹,1
10242,正新秋絲竹千,1
10243,新秋絲竹千家,1
10244,秋絲竹千家列,1
10245,絲竹千家列彩,1
10246,竹千家列彩樓,1
10247,千家列彩樓可,1
10248,家列彩樓可惜,1
10249,列彩樓可惜穿,1
10250,彩樓可惜穿針,1
10251,樓可惜穿針方,1
10252,可惜穿針方有,1
10253,惜穿針方有興,1
10254,穿針方有興纖,1
10255,針方有興纖纖,1
10256,方有興纖纖初,1
10257,有興纖纖初月,1
10258,興纖纖初月苦,1
10259,纖纖初月苦難,1
10260,纖初月苦難留,1
10261,初月苦難留謬,1
10262,月苦難留謬佐,1
10263,苦難留謬佐驅,1
10264,難留謬佐驅雞,1
10265,留謬佐驅雞任,1
10266,謬佐驅雞任常,1
10267,佐驅雞任常思,1
10268,驅雞任常思賦,1
10269,雞任常思賦鵩,1
10270,任常思賦鵩人,1
10271,常思賦鵩人未,1
10272,思賦鵩人未諧,1
10273,賦鵩人未諧林,1
10274,鵩人未諧林下,1
10275,人未諧林下約,1
10276,未諧林下約空,1
10277,諧林下約空感,1
10278,林下約空感病,1
10279,下約空感病來,1
10280,約空感病來身,1
10281,空感病來身鎖,1
10282,感病來身鎖徑,1
10283,病來身鎖徑青,1
10284,來身鎖徑青苔,1
10285,身鎖徑青苔老,1
10286,鎖徑青苔老鋪,1
10287,徑青苔老鋪階,1
10288,青苔老鋪階紅,1
10289,苔老鋪階紅葉,1
10290,老鋪階紅葉新,1
10291,鋪階紅葉新相,1
10292,階紅葉新相思,1
10293,紅葉新相思不,1
10294,葉新相思不可,1
10295,新相思不可見,1
10296,相思不可見猶,1
10297,思不可見猶喜,1
10298,不可見猶喜得,1
10299,可見猶喜得書,1
10300,見猶喜得書頻,1
10301,猶喜得書頻洞,1
10302,喜得書頻洞隱,1
10303,得書頻洞隱紅,1
10304,書頻洞隱紅霞,1
10305,頻洞隱紅霞外,1
10306,洞隱紅霞外房,1
10307,隱紅霞外房開,1
10308,紅霞外房開碧,1
10309,霞外房開碧嶂,1
10310,外房開碧嶂根,1
10311,房開碧嶂根昔,1
10312,開碧嶂根昔年,1
10313,碧嶂根昔年同,1
10314,嶂根昔年同煉,1
10315,根昔年同煉句,1
10316,昔年同煉句幾,1
10317,年同煉句幾夜,1
10318,同煉句幾夜共,1
10319,煉句幾夜共聽,1
10320,句幾夜共聽猿,1
10321,幾夜共聽猿考,1
10322,夜共聽猿考古,1
10323,共聽猿考古書,1
10324,聽猿考古書千,1
10325,猿考古書千卷,1
10326,考古書千卷忘,1
10327,古書千卷忘憂,1
10328,書千卷忘憂酒,1
10329,千卷忘憂酒一,1
10330,卷忘憂酒一樽,1
10331,忘憂酒一樽如,1
10332,憂酒一樽如今,1
10333,酒一樽如今歸,1
10334,一樽如今歸建,1
10335,樽如今歸建業,1
10336,如今歸建業雅,1
10337,今歸建業雅道,1
10338,歸建業雅道喜,1
10339,建業雅道喜重,1
10340,業雅道喜重論,1
10341,雅道喜重論羨,1
10342,道喜重論羨君,1
10343,喜重論羨君乘,1
10344,重論羨君乘紫,1
10345,論羨君乘紫詔,1
10346,羨君乘紫詔歸,1
10347,君乘紫詔歸路,1
10348,乘紫詔歸路指,1
10349,紫詔歸路指通,1
10350,詔歸路指通津,1
10351,歸路指通津鼓,1
10352,路指通津鼓棹,1
10353,指通津鼓棹煙,1
10354,通津鼓棹煙波,1
10355,津鼓棹煙波暖,1
10356,鼓棹煙波暖還,1
10357,棹煙波暖還京,1
10358,煙波暖還京雨,1
10359,波暖還京雨露,1
10360,暖還京雨露新,1
10361,還京雨露新趨,1
10362,京雨露新趨朝,1
10363,雨露新趨朝丹,1
10364,露新趨朝丹禁,1
10365,新趨朝丹禁曉,1
10366,趨朝丹禁曉聳,1
10367,朝丹禁曉聳轡,1
10368,丹禁曉聳轡九,1
10369,禁曉聳轡九衢,1
10370,曉聳轡九衢春,1
10371,聳轡九衢春自,1
10372,轡九衢春自愧,1
10373,九衢春自愧湮,1
10374,衢春自愧湮沈,1
10375,春自愧湮沈者,1
10376,自愧湮沈者隨,1
10377,愧湮沈者隨軒,1
10378,湮沈者隨軒未,1
10379,沈者隨軒未有,1
10380,者隨軒未有因,1
10381,隨軒未有因公,1
10382,軒未有因公侯,1
10383,未有因公侯延,1
10384,有因公侯延駐,1
10385,因公侯延駐暫,1
10386,公侯延駐暫踟,1
10387,侯延駐暫踟躕,1
10388,延駐暫踟躕況,1
10389,駐暫踟躕況值,1
10390,暫踟躕況值風,1
10391,踟躕況值風光,1
10392,躕況值風光三,1
10393,況值風光三月,1
10394,值風光三月初,1
10395,風光三月初亂,1
10396,光三月初亂落,1
10397,三月初亂落杯,1
10398,月初亂落杯盤,1
10399,初亂落杯盤花,1
10400,亂落杯盤花片,1
10401,落杯盤花片小,1
10402,杯盤花片小靜,1
10403,盤花片小靜籠,1
10404,花片小靜籠池,1
10405,片小靜籠池閣,1
10406,小靜籠池閣柳,1
10407,靜籠池閣柳陰,1
10408,籠池閣柳陰疏,1
10409,池閣柳陰疏舟,1
10410,閣柳陰疏舟維,1
10411,柳陰疏舟維南,1
10412,陰疏舟維南浦,1
10413,疏舟維南浦程,1
10414,舟維南浦程雖,1
10415,維南浦程雖阻,1
10416,南浦程雖阻飲,1
10417,浦程雖阻飲預,1
10418,程雖阻飲預西,1
10419,雖阻飲預西園,1
10420,阻飲預西園興,1
10421,飲預西園興有,1
10422,預西園興有餘,1
10423,西園興有餘卻,1
10424,園興有餘卻笑,1
10425,興有餘卻笑田,1
10426,有餘卻笑田家,1
10427,餘卻笑田家門,1
10428,卻笑田家門下,1
10429,笑田家門下客,1
10430,田家門下客當,1
10431,家門下客當時,1
10432,門下客當時容,1
10433,下客當時容易,1
10434,客當時容易歎,1
10435,當時容易歎車,1
10436,時容易歎車魚,1
10437,容易歎車魚柳,1
10438,易歎車魚柳過,1
10439,歎車魚柳過清,1
10440,車魚柳過清明,1
10441,魚柳過清明絮,1
10442,柳過清明絮亂,1
10443,過清明絮亂飛,1
10444,清明絮亂飛感,1
10445,明絮亂飛感時,1
10446,絮亂飛感時懷,1
10447,亂飛感時懷舊,1
10448,飛感時懷舊思,1
10449,感時懷舊思淒,1
10450,時懷舊思淒淒,1
10451,懷舊思淒淒月,1
10452,舊思淒淒月生,1
10453,思淒淒月生樓,1
10454,淒淒月生樓閣,1
10455,淒月生樓閣雲,1
10456,月生樓閣雲初,1
10457,生樓閣雲初散,1
10458,樓閣雲初散家,1
10459,閣雲初散家在,1
10460,雲初散家在汀,1
10461,初散家在汀洲,1
10462,散家在汀洲夢,1
10463,家在汀洲夢去,1
10464,在汀洲夢去迷,1
10465,汀洲夢去迷發,1
10466,洲夢去迷發白,1
10467,每慚清鑒啟酒,1
10468,慚清鑒啟酒醒,1
10469,清鑒啟酒醒長,1
10470,鑒啟酒醒長怯,1
10471,啟酒醒長怯子,1
10472,酒醒長怯子規,1
10473,醒長怯子規啼,1
10474,長怯子規啼北,1
10475,怯子規啼北山,1
10476,子規啼北山高,1
10477,規啼北山高臥,1
10478,啼北山高臥風,1
10479,北山高臥風騷,1
10480,山高臥風騷客,1
10481,高臥風騷客安,1
10482,臥風騷客安得,1
10483,風騷客安得同,1
10484,騷客安得同吟,1
10485,客安得同吟複,1
10486,安得同吟複杖,1
10487,得同吟複杖藜,1
10488,同吟複杖藜輟,1
10489,吟複杖藜輟棹,1
10490,複杖藜輟棹因,1
10491,杖藜輟棹因過,1
10492,藜輟棹因過古,1
10493,輟棹因過古梵,1
10494,棹因過古梵宮,1
10495,因過古梵宮荒,1
10496,過古梵宮荒涼,1
10497,古梵宮荒涼門,1
10498,梵宮荒涼門徑,1
10499,宮荒涼門徑鎖,1
10500,荒涼門徑鎖苔,1
10501,涼門徑鎖苔茸,1
10502,門徑鎖苔茸綠,1
10503,徑鎖苔茸綠陰,1
10504,鎖苔茸綠陰滿,1
10505,苔茸綠陰滿地,1
10506,茸綠陰滿地前,1
10507,綠陰滿地前朝,1
10508,陰滿地前朝樹,1
10509,滿地前朝樹清,1
10510,地前朝樹清韻,1
10511,前朝樹清韻含,1
10512,朝樹清韻含風,1
10513,樹清韻含風後,1
10514,清韻含風後殿,1
10515,韻含風後殿鐘,1
10516,含風後殿鐘童,1
10517,風後殿鐘童子,1
10518,後殿鐘童子縱,1
10519,殿鐘童子縱慵,1
10520,鐘童子縱慵眠,1
10521,童子縱慵眠壞,1
10522,子縱慵眠壞榻,1
10523,縱慵眠壞榻老,1
10524,慵眠壞榻老僧,1
10525,眠壞榻老僧耽,1
10526,壞榻老僧耽話,1
10527,榻老僧耽話指,1
10528,老僧耽話指諸,1
10529,僧耽話指諸峰,1
10530,耽話指諸峰吟,1
10531,話指諸峰吟餘,1
10532,指諸峰吟餘卻,1
10533,諸峰吟餘卻返,1
10534,峰吟餘卻返來,1
10535,吟餘卻返來時,1
10536,餘卻返來時路,1
10537,卻返來時路回,1
10538,返來時路回首,1
10539,來時路回首盤,1
10540,時路回首盤桓,1
10541,路回首盤桓尚,1
10542,回首盤桓尚駐,1
10543,首盤桓尚駐筇,1
10544,盤桓尚駐筇甕,1
10545,桓尚駐筇甕中,1
10546,尚駐筇甕中竹,1
10547,駐筇甕中竹葉,1
10548,筇甕中竹葉今,1
10549,甕中竹葉今朝,1
10550,中竹葉今朝熟,1
10551,竹葉今朝熟鑒,1
10552,葉今朝熟鑒裏,1
10553,今朝熟鑒裏桃,1
10554,朝熟鑒裏桃花,1
10555,熟鑒裏桃花昨,1
10556,鑒裏桃花昨日,1
10557,裏桃花昨日開,1
10558,桃花昨日開為,1
10559,花昨日開為報,1
10560,昨日開為報廣,1
10561,日開為報廣寒,1
10562,開為報廣寒攀,1
10563,為報廣寒攀桂,1
10564,報廣寒攀桂客,1
10565,廣寒攀桂客莫,1
10566,寒攀桂客莫辭,1
10567,攀桂客莫辭相,1
10568,桂客莫辭相訪,1
10569,客莫辭相訪共,1
10570,莫辭相訪共銜,1
10571,辭相訪共銜杯,1
10572,相訪共銜杯隴,1
10573,訪共銜杯隴頭,1
10574,共銜杯隴頭休,1
10575,銜杯隴頭休聽,1
10576,杯隴頭休聽月,1
10577,隴頭休聽月明,1
10578,頭休聽月明中,1
10579,休聽月明中妙,1
10580,聽月明中妙竹,1
10581,月明中妙竹嘉,1
10582,明中妙竹嘉音,1
10583,中妙竹嘉音際,1
10584,妙竹嘉音際會,1
10585,竹嘉音際會逢,1
10586,嘉音際會逢見,1
10587,音際會逢見爾,1
10588,際會逢見爾樽,1
10589,會逢見爾樽前,1
10590,逢見爾樽前吹,1
10591,見爾樽前吹一,1
10592,爾樽前吹一曲,1
10593,樽前吹一曲令,1
10594,前吹一曲令人,1
10595,吹一曲令人重,1
10596,一曲令人重憶,1
10597,曲令人重憶許,1
10598,令人重憶許雲,1
10599,人重憶許雲封,1
10600,重憶許雲封解,1
10601,憶許雲封解佩,1
10602,許雲封解佩當,1
10603,雲封解佩當時,1
10604,封解佩當時在,1
10605,解佩當時在洛,1
10606,佩當時在洛濱,1
10607,當時在洛濱悠,1
10608,時在洛濱悠悠,1
10609,在洛濱悠悠疑,1
10610,洛濱悠悠疑是,1
10611,濱悠悠疑是夢,1
10612,悠悠疑是夢中,1
10613,悠疑是夢中身,1
10614,疑是夢中身自,1
10615,是夢中身自從,1
10616,夢中身自從物,1
10617,中身自從物外,1
10618,身自從物外無,1
10619,自從物外無消,1
10620,從物外無消息,1
10621,物外無消息花,1
10622,外無消息花謝,1
10623,無消息花謝鶯,1
10624,消息花謝鶯啼,1
10625,息花謝鶯啼近,1
10626,花謝鶯啼近十,1
10627,謝鶯啼近十春,1
10628,鶯啼近十春啟,1
10629,啼近十春啟鑒,1
10630,近十春啟鑒悠,1
10631,十春啟鑒悠悠,1
10632,春啟鑒悠悠兩,1
10633,啟鑒悠悠兩鬢,1
10634,鑒悠悠兩鬢蒼,1
10635,悠悠兩鬢蒼病,1
10636,悠兩鬢蒼病來,1
10637,兩鬢蒼病來心,1
10638,鬢蒼病來心緒,1
10639,蒼病來心緒易,1
10640,病來心緒易淒,1
10641,來心緒易淒涼,1
10642,心緒易淒涼知,1
10643,緒易淒涼知音,1
10644,易淒涼知音不,1
10645,淒涼知音不到,1
10646,涼知音不到吟,1
10647,知音不到吟還,1
10648,音不到吟還懶,1
10649,不到吟還懶鎖,1
10650,到吟還懶鎖印,1
10651,吟還懶鎖印開,1
10652,還懶鎖印開簾,1
10653,懶鎖印開簾又,1
10654,鎖印開簾又夕,1
10655,印開簾又夕陽,1
10656,開簾又夕陽臘,1
10657,簾又夕陽臘雪,1
10658,又夕陽臘雪頻,1
10659,夕陽臘雪頻頻,1
10660,陽臘雪頻頻降,1
10661,臘雪頻頻降成,1
10662,雪頻頻降成堆,1
10663,頻頻降成堆不,1
10664,頻降成堆不可,1
10665,降成堆不可除,1
10666,成堆不可除伴,1
10667,堆不可除伴吟,1
10668,不可除伴吟花,1
10669,可除伴吟花莫,1
10670,除伴吟花莫並,1
10671,伴吟花莫並銷,1
10672,吟花莫並銷瘴,1
10673,花莫並銷瘴藥,1
10674,莫並銷瘴藥何,1
10675,並銷瘴藥何如,1
10676,銷瘴藥何如謝,1
10677,瘴藥何如謝女,1
10678,藥何如謝女詩,1
10679,何如謝女詩成,1
10680,如謝女詩成處,1
10681,謝女詩成處袁,1
10682,女詩成處袁安,1
10683,詩成處袁安睡,1
10684,成處袁安睡起,1
10685,處袁安睡起初,1
10686,袁安睡起初深,1
10687,安睡起初深迷,1
10688,睡起初深迷樵,1
10689,起初深迷樵子,1
10690,初深迷樵子徑,1
10691,深迷樵子徑冷,1
10692,迷樵子徑冷逼,1
10693,樵子徑冷逼旅,1
10694,子徑冷逼旅人,1
10695,徑冷逼旅人居,1
10696,冷逼旅人居惹,1
10697,逼旅人居惹砌,1
10698,旅人居惹砌催,1
10699,人居惹砌催樽,1
10700,居惹砌催樽俎,1
10701,惹砌催樽俎飄,1
10702,砌催樽俎飄窗,1
10703,催樽俎飄窗入,1
10704,樽俎飄窗入簿,1
10705,俎飄窗入簿書,1
10706,飄窗入簿書最,1
10707,窗入簿書最宜,1
10708,入簿書最宜樓,1
10709,簿書最宜樓上,1
10710,書最宜樓上望,1
10711,最宜樓上望散,1
10712,宜樓上望散亂,1
10713,樓上望散亂滿,1
10714,上望散亂滿空,1
10715,望散亂滿空虛,1
10716,散亂滿空虛競,1
10717,亂滿空虛競愛,1
10718,滿空虛競愛松,1
10719,空虛競愛松筠,1
10720,虛競愛松筠翠,1
10721,競愛松筠翠皆,1
10722,愛松筠翠皆憐,1
10723,松筠翠皆憐桃,1
10724,筠翠皆憐桃李,1
10725,翠皆憐桃李芳,1
10726,皆憐桃李芳如,1
10727,憐桃李芳如求,1
10728,桃李芳如求濟,1
10729,李芳如求濟世,1
10730,芳如求濟世廣,1
10731,如求濟世廣桑,1
10732,求濟世廣桑柘,1
10733,濟世廣桑柘願,1
10734,世廣桑柘願商,1
10735,廣桑柘願商量,1
10736,桑柘願商量知,1
10737,柘願商量知君,1
10738,願商量知君別,1
10739,商量知君別家,1
10740,量知君別家後,1
10741,知君別家後不,1
10742,君別家後不免,1
10743,別家後不免淚,1
10744,家後不免淚沾,1
10745,後不免淚沾襟,1
10746,不免淚沾襟芳,1
10747,免淚沾襟芳草,1
10748,淚沾襟芳草千,1
10749,沾襟芳草千里,1
10750,襟芳草千里路,1
10751,芳草千里路夕,1
10752,草千里路夕陽,1
10753,千里路夕陽孤,1
10754,里路夕陽孤客,1
10755,路夕陽孤客心,1
10756,夕陽孤客心花,1
10757,陽孤客心花飛,1
10758,孤客心花飛當,1
10759,客心花飛當野,1
10760,心花飛當野渡,1
10761,花飛當野渡猿,1
10762,飛當野渡猿叫,1
10763,當野渡猿叫在,1
10764,野渡猿叫在煙,1
10765,渡猿叫在煙岑,1
10766,猿叫在煙岑霄,1
10767,叫在煙岑霄漢,1
10768,在煙岑霄漢知,1
10769,煙岑霄漢知音,1
10770,岑霄漢知音在,1
10771,霄漢知音在何,1
10772,漢知音在何須,1
10773,知音在何須恨,1
10774,音在何須恨陸,1
10775,在何須恨陸沈,1
10776,何須恨陸沈童,1
10777,須恨陸沈童稚,1
10778,恨陸沈童稚親,1
10779,陸沈童稚親儒,1
10780,沈童稚親儒墨,1
10781,童稚親儒墨時,1
10782,稚親儒墨時平,1
10783,親儒墨時平喜,1
10784,儒墨時平喜道,1
10785,墨時平喜道存,1
10786,時平喜道存酬,1
10787,平喜道存酬身,1
10788,喜道存酬身指,1
10789,道存酬身指書,1
10790,存酬身指書劍,1
10791,酬身指書劍賦,1
10792,身指書劍賦命,1
10793,指書劍賦命委,1
10794,書劍賦命委乾,1
10795,劍賦命委乾坤,1
10796,賦命委乾坤秋,1
10797,命委乾坤秋爽,1
10798,委乾坤秋爽鼓,1
10799,乾坤秋爽鼓琴,1
10800,坤秋爽鼓琴興,1
10801,秋爽鼓琴興月,1
10802,爽鼓琴興月清,1
10803,鼓琴興月清搜,1
10804,琴興月清搜句,1
10805,興月清搜句魂,1
10806,月清搜句魂與,1
10807,清搜句魂與君,1
10808,搜句魂與君同,1
10809,句魂與君同此,1
10810,魂與君同此志,1
10811,與君同此志終,1
10812,君同此志終待,1
10813,同此志終待至,1
10814,此志終待至公,1
10815,志終待至公論,1
10816,終待至公論尋,1
10817,待至公論尋師,1
10818,至公論尋師來,1
10819,公論尋師來靜,1
10820,論尋師來靜境,1
10821,尋師來靜境神,1
10822,師來靜境神骨,1
10823,來靜境神骨覺,1
10824,靜境神骨覺清,1
10825,境神骨覺清涼,1
10826,神骨覺清涼一,1
10827,骨覺清涼一餉,1
10828,覺清涼一餉逢,1
10829,清涼一餉逢秋,1
10830,涼一餉逢秋雨,1
10831,一餉逢秋雨相,1
10832,餉逢秋雨相留,1
10833,逢秋雨相留坐,1
10834,秋雨相留坐竹,1
10835,雨相留坐竹堂,1
10836,相留坐竹堂石,1
10837,留坐竹堂石渠,1
10838,坐竹堂石渠堆,1
10839,竹堂石渠堆敗,1
10840,堂石渠堆敗葉,1
10841,石渠堆敗葉莎,1
10842,渠堆敗葉莎砌,1
10843,堆敗葉莎砌咽,1
10844,敗葉莎砌咽寒,1
10845,葉莎砌咽寒螿,1
10846,莎砌咽寒螿話,1
10847,砌咽寒螿話到,1
10848,咽寒螿話到南,1
10849,寒螿話到南能,1
10850,螿話到南能旨,1
10851,話到南能旨怡,1
10852,到南能旨怡然,1
10853,南能旨怡然萬,1
10854,能旨怡然萬慮,1
10855,旨怡然萬慮忘,1
10856,怡然萬慮忘殿,1
10857,然萬慮忘殿宇,1
10858,萬慮忘殿宇半,1
10859,慮忘殿宇半隳,1
10860,忘殿宇半隳摧,1
10861,殿宇半隳摧門,1
10862,宇半隳摧門臨,1
10863,半隳摧門臨野,1
10864,隳摧門臨野水,1
10865,摧門臨野水開,1
10866,門臨野水開雲,1
10867,臨野水開雲凝,1
10868,野水開雲凝何,1
10869,水開雲凝何代,1
10870,開雲凝何代樹,1
10871,雲凝何代樹草,1
10872,凝何代樹草蔽,1
10873,何代樹草蔽此,1
10874,代樹草蔽此時,1
10875,樹草蔽此時台,1
10876,草蔽此時台繞,1
10877,蔽此時台繞塔,1
10878,此時台繞塔堆,1
10879,時台繞塔堆黃,1
10880,台繞塔堆黃葉,1
10881,繞塔堆黃葉沿,1
10882,塔堆黃葉沿階,1
10883,堆黃葉沿階積,1
10884,黃葉沿階積綠,1
10885,葉沿階積綠苔,1
10886,沿階積綠苔踟,1
10887,階積綠苔踟躕,1
10888,積綠苔踟躕日,1
10889,綠苔踟躕日將,1
10890,苔踟躕日將暮,1
10891,踟躕日將暮棲,1
10892,躕日將暮棲鳥,1
10893,日將暮棲鳥入,1
10894,將暮棲鳥入巢,1
10895,暮棲鳥入巢來,1
10896,棲鳥入巢來巨,1
10897,鳥入巢來巨浸,1
10898,入巢來巨浸常,1
10899,巢來巨浸常牽,1
10900,來巨浸常牽夢,1
10901,巨浸常牽夢雲,1
10902,浸常牽夢雲遊,1
10903,常牽夢雲遊豈,1
10904,牽夢雲遊豈覺,1
10905,夢雲遊豈覺勞,1
10906,雲遊豈覺勞遙,1
10907,遊豈覺勞遙空,1
10908,豈覺勞遙空收,1
10909,覺勞遙空收晚,1
10910,勞遙空收晚雨,1
10911,遙空收晚雨虛,1
10912,空收晚雨虛閣,1
10913,收晚雨虛閣看,1
10914,晚雨虛閣看秋,1
10915,雨虛閣看秋濤,1
10916,虛閣看秋濤必,1
10917,閣看秋濤必若,1
10918,看秋濤必若思,1
10919,秋濤必若思三,1
10920,濤必若思三島,1
10921,必若思三島應,1
10922,若思三島應須,1
10923,思三島應須釣,1
10924,三島應須釣六,1
10925,島應須釣六鼇,1
10926,應須釣六鼇如,1
10927,須釣六鼇如通,1
10928,釣六鼇如通十,1
10929,六鼇如通十洲,1
10930,鼇如通十洲去,1
10931,如通十洲去誰,1
10932,通十洲去誰信,1
10933,十洲去誰信碧,1
10934,洲去誰信碧天,1
10935,去誰信碧天高,1
10936,誰信碧天高征,1
10937,信碧天高征賦,1
10938,碧天高征賦常,1
10939,天高征賦常登,1
10940,高征賦常登限,1
10941,征賦常登限名,1
10942,賦常登限名山,1
10943,常登限名山管,1
10944,登限名山管最,1
10945,限名山管最多,1
10946,名山管最多吏,1
10947,山管最多吏閑,1
10948,管最多吏閑民,1
10949,最多吏閑民訟,1
10950,多吏閑民訟少,1
10951,吏閑民訟少時,1
10952,閑民訟少時得,1
10953,民訟少時得訪,1
10954,訟少時得訪煙,1
10955,少時得訪煙蘿,1
10956,時得訪煙蘿十,1
10957,得訪煙蘿十年,1
10958,訪煙蘿十年孤,1
10959,煙蘿十年孤跡,1
10960,蘿十年孤跡寄,1
10961,十年孤跡寄侯,1
10962,年孤跡寄侯門,1
10963,孤跡寄侯門入,1
10964,跡寄侯門入室,1
10965,寄侯門入室升,1
10966,侯門入室升堂,1
10967,門入室升堂忝,1
10968,入室升堂忝厚,1
10969,室升堂忝厚恩,1
10970,升堂忝厚恩遊,1
10971,堂忝厚恩遊遍,1
10972,忝厚恩遊遍春,1
10973,厚恩遊遍春郊,1
10974,恩遊遍春郊隨,1
10975,遊遍春郊隨茜,1
10976,遍春郊隨茜旆,1
10977,春郊隨茜旆飲,1
10978,郊隨茜旆飲殘,1
10979,隨茜旆飲殘秋,1
10980,茜旆飲殘秋月,1
10981,旆飲殘秋月待,1
10982,飲殘秋月待金,1
10983,殘秋月待金尊,1
10984,秋月待金尊車,1
10985,月待金尊車魚,1
10986,待金尊車魚鄭,1
10987,金尊車魚鄭重,1
10988,尊車魚鄭重知,1
10989,車魚鄭重知難,1
10990,魚鄭重知難報,1
10991,鄭重知難報吐,1
10992,重知難報吐握,1
10993,知難報吐握周,1
10994,難報吐握周旋,1
10995,報吐握周旋不,1
10996,吐握周旋不可,1
10997,握周旋不可論,1
10998,周旋不可論長,1
10999,旋不可論長慟,1
11000,不可論長慟裴,1
11001,可論長慟裴回,1
11002,論長慟裴回逝,1
11003,長慟裴回逝川,1
11004,慟裴回逝川上,1
11005,裴回逝川上白,1
11006,回逝川上白楊,1
11007,逝川上白楊蕭,1
11008,川上白楊蕭颯,1
11009,上白楊蕭颯又,1
11010,白楊蕭颯又黃,1
11011,楊蕭颯又黃昏,1
11012,蕭颯又黃昏萬,1
11013,颯又黃昏萬里,1
11014,又黃昏萬里江,1
11015,黃昏萬里江山,1
11016,昏萬里江山斂,1
11017,萬里江山斂暮,1
11018,里江山斂暮煙,1
11019,江山斂暮煙旅,1
11020,山斂暮煙旅情,1
11021,斂暮煙旅情當,1
11022,暮煙旅情當此,1
11023,煙旅情當此獨,1
11024,旅情當此獨悠,1
11025,情當此獨悠然,1
11026,當此獨悠然沙,1
11027,此獨悠然沙汀,1
11028,獨悠然沙汀月,1
11029,悠然沙汀月冷,1
11030,然沙汀月冷帆,1
11031,沙汀月冷帆初,1
11032,汀月冷帆初卸,1
11033,月冷帆初卸葦,1
11034,冷帆初卸葦岸,1
11035,帆初卸葦岸風,1
11036,初卸葦岸風多,1
11037,卸葦岸風多人,1
11038,葦岸風多人未,1
11039,岸風多人未眠,1
11040,風多人未眠已,1
11041,多人未眠已聽,1
11042,人未眠已聽漁,1
11043,未眠已聽漁翁,1
11044,眠已聽漁翁歌,1
11045,已聽漁翁歌別,1
11046,聽漁翁歌別浦,1
11047,漁翁歌別浦更,1
11048,翁歌別浦更堪,1
11049,歌別浦更堪邊,1
11050,別浦更堪邊雁,1
11051,浦更堪邊雁過,1
11052,更堪邊雁過遙,1
11053,堪邊雁過遙天,1
11054,邊雁過遙天與,1
11055,雁過遙天與君,1
11056,過遙天與君共,1
11057,遙天與君共俟,1
11058,天與君共俟酬,1
11059,與君共俟酬身,1
11060,君共俟酬身了,1
11061,共俟酬身了結,1
11062,俟酬身了結侶,1
11063,酬身了結侶波,1
11064,身了結侶波中,1
11065,了結侶波中寄,1
11066,結侶波中寄釣,1
11067,侶波中寄釣船,1
11068,波中寄釣船昔,1
11069,中寄釣船昔歲,1
11070,寄釣船昔歲遭,1
11071,釣船昔歲遭逢,1
11072,船昔歲遭逢在,1
11073,昔歲遭逢在海,1
11074,歲遭逢在海城,1
11075,遭逢在海城曾,1
11076,逢在海城曾容,1
11077,在海城曾容孤,1
11078,海城曾容孤跡,1
11079,城曾容孤跡奉,1
11080,曾容孤跡奉雙,1
11081,容孤跡奉雙旌,1
11082,孤跡奉雙旌酒,1
11083,跡奉雙旌酒邊,1
11084,奉雙旌酒邊不,1
11085,雙旌酒邊不厭,1
11086,旌酒邊不厭笙,1
11087,酒邊不厭笙歌,1
11088,邊不厭笙歌盛,1
11089,不厭笙歌盛花,1
11090,厭笙歌盛花下,1
11091,笙歌盛花下只,1
11092,歌盛花下只愁,1
11093,盛花下只愁風,1
11094,花下只愁風雨,1
11095,下只愁風雨生,1
11096,只愁風雨生棋,1
11097,愁風雨生棋接,1
11098,風雨生棋接山,1
11099,雨生棋接山亭,1
11100,生棋接山亭松,1
11101,棋接山亭松影,1
11102,接山亭松影晚,1
11103,山亭松影晚吟,1
11104,亭松影晚吟陪,1
11105,松影晚吟陪月,1
11106,影晚吟陪月檻,1
11107,晚吟陪月檻露,1
11108,吟陪月檻露華,1
11109,陪月檻露華清,1
11110,月檻露華清音,1
11111,檻露華清音塵,1
11112,露華清音塵自,1
11113,華清音塵自此,1
11114,清音塵自此無,1
11115,音塵自此無因,1
11116,塵自此無因問,1
11117,自此無因問淚,1
11118,此無因問淚灑,1
11119,無因問淚灑川,1
11120,因問淚灑川波,1
11121,問淚灑川波夕,1
11122,淚灑川波夕照,1
11123,灑川波夕照明,1
11124,川波夕照明比,1
11125,波夕照明比尋,1
11126,夕照明比尋禪,1
11127,照明比尋禪客,1
11128,明比尋禪客叩,1
11129,比尋禪客叩禪,1
11130,尋禪客叩禪機,1
11131,禪客叩禪機澄,1
11132,客叩禪機澄卻,1
11133,叩禪機澄卻心,1
11134,禪機澄卻心如,1
11135,機澄卻心如月,1
11136,澄卻心如月在,1
11137,卻心如月在池,1
11138,心如月在池松,1
11139,如月在池松下,1
11140,月在池松下偶,1
11141,在池松下偶然,1
11142,池松下偶然醒,1
11143,松下偶然醒一,1
11144,下偶然醒一夢,1
11145,偶然醒一夢卻,1
11146,然醒一夢卻成,1
11147,醒一夢卻成無,1
11148,一夢卻成無語,1
11149,夢卻成無語問,1
11150,卻成無語問吾,1
11151,成無語問吾師,1
11152,無語問吾師葦,1
11153,語問吾師葦岸,1
11154,問吾師葦岸風,1
11155,吾師葦岸風高,1
11156,師葦岸風高宿,1
11157,葦岸風高宿雁,1
11158,岸風高宿雁驚,1
11159,風高宿雁驚維,1
11160,高宿雁驚維舟,1
11161,宿雁驚維舟特,1
11162,雁驚維舟特地,1
11163,驚維舟特地起,1
11164,維舟特地起鄉,1
11165,舟特地起鄉情,1
11166,特地起鄉情漁,1
11167,地起鄉情漁兒,1
11168,起鄉情漁兒隔,1
11169,鄉情漁兒隔水,1
11170,情漁兒隔水吹,1
11171,漁兒隔水吹橫,1
11172,兒隔水吹橫笛,1
11173,隔水吹橫笛半,1
11174,水吹橫笛半夜,1
11175,吹橫笛半夜空,1
11176,橫笛半夜空江,1
11177,笛半夜空江月,1
11178,半夜空江月正,1
11179,夜空江月正明,1
11180,空江月正明未,1
11181,江月正明未達,1
11182,月正明未達難,1
11183,正明未達難隨,1
11184,明未達難隨眾,1
11185,未達難隨眾從,1
11186,達難隨眾從他,1
11187,難隨眾從他俗,1
11188,隨眾從他俗所,1
11189,眾從他俗所憎,1
11190,從他俗所憎閑,1
11191,他俗所憎閑聽,1
11192,俗所憎閑聽九,1
11193,所憎閑聽九秋,1
11194,憎閑聽九秋雨,1
11195,閑聽九秋雨遠,1
11196,聽九秋雨遠憶,1
11197,九秋雨遠憶四,1
11198,秋雨遠憶四明,1
11199,雨遠憶四明僧,1
11200,遠憶四明僧病,1
11201,憶四明僧病後,1
11202,四明僧病後倦,1
11203,明僧病後倦吟,1
11204,僧病後倦吟嘯,1
11205,病後倦吟嘯貧,1
11206,後倦吟嘯貧來,1
11207,倦吟嘯貧來疏,1
11208,吟嘯貧來疏友,1
11209,嘯貧來疏友朋,1
11210,貧來疏友朋寂,1
11211,來疏友朋寂寥,1
11212,疏友朋寂寥元,1
11213,友朋寂寥元合,1
11214,朋寂寥元合道,1
11215,寂寥元合道未,1
11216,寥元合道未必,1
11217,元合道未必是,1
11218,合道未必是無,1
11219,道未必是無能,1
11220,未必是無能飄,1
11221,必是無能飄泛,1
11222,是無能飄泛經,1
11223,無能飄泛經彭,1
11224,能飄泛經彭澤,1
11225,飄泛經彭澤扁,1
11226,泛經彭澤扁舟,1
11227,經彭澤扁舟思,1
11228,彭澤扁舟思莫,1
11229,澤扁舟思莫窮,1
11230,扁舟思莫窮無,1
11231,舟思莫窮無人,1
11232,思莫窮無人秋,1
11233,莫窮無人秋浪,1
11234,窮無人秋浪晚,1
11235,無人秋浪晚一,1
11236,人秋浪晚一岸,1
11237,秋浪晚一岸蓼,1
11238,浪晚一岸蓼花,1
11239,晚一岸蓼花風,1
11240,一岸蓼花風鄉,1
11241,岸蓼花風鄉里,1
11242,蓼花風鄉里夢,1
11243,花風鄉里夢漸,1
11244,風鄉里夢漸遠,1
11245,鄉里夢漸遠交,1
11246,里夢漸遠交親,1
11247,夢漸遠交親書,1
11248,漸遠交親書未,1
11249,遠交親書未通,1
11250,交親書未通今,1
11251,親書未通今宵,1
11252,書未通今宵見,1
11253,未通今宵見圓,1
11254,通今宵見圓月,1
11255,今宵見圓月難,1
11256,宵見圓月難坐,1
11257,見圓月難坐冷,1
11258,圓月難坐冷光,1
11259,月難坐冷光中,1
11260,難坐冷光中宿,1
11261,坐冷光中宿投,1
11262,冷光中宿投林,1
11263,光中宿投林下,1
11264,中宿投林下寺,1
11265,宿投林下寺中,1
11266,投林下寺中夜,1
11267,林下寺中夜覺,1
11268,下寺中夜覺神,1
11269,寺中夜覺神清,1
11270,中夜覺神清磬,1
11271,夜覺神清磬罷,1
11272,覺神清磬罷僧,1
11273,神清磬罷僧初,1
11274,清磬罷僧初定,1
11275,磬罷僧初定山,1
11276,罷僧初定山空,1
11277,僧初定山空月,1
11278,初定山空月又,1
11279,定山空月又生,1
11280,山空月又生籠,1
11281,空月又生籠燈,1
11282,月又生籠燈吐,1
11283,又生籠燈吐冷,1
11284,生籠燈吐冷豔,1
11285,籠燈吐冷豔岩,1
11286,燈吐冷豔岩樹,1
11287,吐冷豔岩樹起,1
11288,冷豔岩樹起寒,1
11289,豔岩樹起寒聲,1
11290,岩樹起寒聲待,1
11291,樹起寒聲待曉,1
11292,起寒聲待曉紅,1
11293,寒聲待曉紅塵,1
11294,聲待曉紅塵裏,1
11295,待曉紅塵裏依,1
11296,曉紅塵裏依前,1
11297,紅塵裏依前冒,1
11298,塵裏依前冒遠,1
11299,裏依前冒遠程,1
11300,依前冒遠程綠,1
11301,前冒遠程綠蘚,1
11302,冒遠程綠蘚深,1
11303,遠程綠蘚深迎,1
11304,程綠蘚深迎步,1
11305,綠蘚深迎步紅,1
11306,蘚深迎步紅霞,1
11307,深迎步紅霞爛,1
11308,迎步紅霞爛滿,1
11309,步紅霞爛滿衣,1
11310,紅霞爛滿衣洞,1
11311,霞爛滿衣洞天,1
11312,爛滿衣洞天應,1
11313,滿衣洞天應不,1
11314,衣洞天應不遠,1
11315,洞天應不遠鸞,1
11316,天應不遠鸞鶴,1
11317,應不遠鸞鶴向,1
11318,不遠鸞鶴向人,1
11319,遠鸞鶴向人飛,1
11320,鸞鶴向人飛茅,1
11321,鶴向人飛茅許,1
11322,向人飛茅許仙,1
11323,人飛茅許仙蹤,1
11324,飛茅許仙蹤在,1
11325,茅許仙蹤在煙,1
11326,許仙蹤在煙霞,1
11327,仙蹤在煙霞一,1
11328,蹤在煙霞一境,1
11329,在煙霞一境清,1
11330,煙霞一境清夷,1
11331,霞一境清夷希,1
11332,一境清夷希何,1
11333,境清夷希何許,1
11334,清夷希何許叩,1
11335,夷希何許叩松,1
11336,希何許叩松徑,1
11337,何許叩松徑月,1
11338,許叩松徑月空,1
11339,叩松徑月空明,1
11340,松徑月空明九,1
11341,徑月空明九皋,1
11342,月空明九皋羽,1
11343,空明九皋羽翼,1
11344,明九皋羽翼下,1
11345,九皋羽翼下晴,1
11346,皋羽翼下晴空,1
11347,羽翼下晴空萬,1
11348,翼下晴空萬里,1
11349,下晴空萬里心,1
11350,晴空萬里心難,1
11351,空萬里心難駐,1
11352,萬里心難駐玉,1
11353,里心難駐玉籠,1
11354,心難駐玉籠清,1
11355,難駐玉籠清露,1
11356,駐玉籠清露滴,1
11357,玉籠清露滴時,1
11358,籠清露滴時翹,1
11359,清露滴時翹蘚,1
11360,露滴時翹蘚徑,1
11361,滴時翹蘚徑白,1
11362,時翹蘚徑白雲,1
11363,翹蘚徑白雲開,1
11364,蘚徑白雲開處,1
11365,徑白雲開處唳,1
11366,白雲開處唳松,1
11367,雲開處唳松風,1
11368,開處唳松風歸,1
11369,處唳松風歸當,1
11370,唳松風歸當華,1
11371,松風歸當華表,1
11372,風歸當華表千,1
11373,歸當華表千年,1
11374,當華表千年後,1
11375,華表千年後怨,1
11376,表千年後怨在,1
11377,千年後怨在瑤,1
11378,年後怨在瑤琴,1
11379,後怨在瑤琴別,1
11380,怨在瑤琴別操,1
11381,在瑤琴別操中,1
11382,瑤琴別操中好,1
11383,琴別操中好共,1
11384,別操中好共靈,1
11385,操中好共靈龜,1
11386,中好共靈龜作,1
11387,好共靈龜作儔,1
11388,共靈龜作儔侶,1
11389,靈龜作儔侶十,1
11390,龜作儔侶十洲,1
11391,作儔侶十洲三,1
11392,儔侶十洲三島,1
11393,侶十洲三島逐,1
11394,十洲三島逐仙,1
11395,洲三島逐仙翁,1
11396,三島逐仙翁無,1
11397,島逐仙翁無奈,1
11398,逐仙翁無奈詩,1
11399,仙翁無奈詩魔,1
11400,翁無奈詩魔旦,1
11401,無奈詩魔旦夕,1
11402,奈詩魔旦夕生,1
11403,詩魔旦夕生更,1
11404,魔旦夕生更堪,1
11405,旦夕生更堪芳,1
11406,夕生更堪芳草,1
11407,生更堪芳草滿,1
11408,更堪芳草滿長,1
11409,堪芳草滿長汀,1
11410,芳草滿長汀故,1
11411,草滿長汀故人,1
11412,滿長汀故人還,1
11413,長汀故人還爽,1
11414,汀故人還爽花,1
11415,故人還爽花前,1
11416,人還爽花前約,1
11417,還爽花前約新,1
11418,爽花前約新月,1
11419,花前約新月又,1
11420,前約新月又生,1
11421,約新月又生江,1
11422,新月又生江上,1
11423,月又生江上亭,1
11424,又生江上亭莊,1
11425,生江上亭莊夢,1
11426,江上亭莊夢斷,1
11427,上亭莊夢斷時,1
11428,亭莊夢斷時燈,1
11429,莊夢斷時燈欲,1
11430,夢斷時燈欲燼,1
11431,斷時燈欲燼蜀,1
11432,時燈欲燼蜀魂,1
11433,燈欲燼蜀魂啼,1
11434,欲燼蜀魂啼處,1
11435,燼蜀魂啼處酒,1
11436,蜀魂啼處酒初,1
11437,魂啼處酒初醒,1
11438,啼處酒初醒何,1
11439,處酒初醒何時,1
11440,酒初醒何時得,1
11441,初醒何時得見,1
11442,醒何時得見登,1
11443,何時得見登龍,1
11444,時得見登龍客,1
11445,得見登龍客隔,1
11446,見登龍客隔卻,1
11447,登龍客隔卻千,1
11448,龍客隔卻千山,1
11449,客隔卻千山萬,1
11450,隔卻千山萬仞,1
11451,卻千山萬仞青,1
11452,千山萬仞青蓮,1
11453,山萬仞青蓮宮,1
11454,萬仞青蓮宮舊,1
11455,仞青蓮宮舊隱,1
11456,青蓮宮舊隱塵,1
11457,蓮宮舊隱塵埃,1
11458,宮舊隱塵埃外,1
11459,舊隱塵埃外策,1
11460,隱塵埃外策杖,1
11461,塵埃外策杖臨,1
11462,埃外策杖臨風,1
11463,外策杖臨風拂,1
11464,策杖臨風拂袖,1
11465,杖臨風拂袖還,1
11466,臨風拂袖還踏,1
11467,風拂袖還踏雪,1
11468,拂袖還踏雪獨,1
11469,袖還踏雪獨尋,1
11470,還踏雪獨尋青,1
11471,踏雪獨尋青嶂,1
11472,雪獨尋青嶂下,1
11473,獨尋青嶂下聽,1
11474,尋青嶂下聽猿,1
11475,青嶂下聽猿重,1
11476,嶂下聽猿重入,1
11477,下聽猿重入白,1
11478,聽猿重入白雲,1
11479,猿重入白雲間,1
11480,重入白雲間蕭,1
11481,入白雲間蕭騷,1
11482,白雲間蕭騷紅,1
11483,雲間蕭騷紅樹,1
11484,間蕭騷紅樹當,1
11485,蕭騷紅樹當門,1
11486,騷紅樹當門老,1
11487,紅樹當門老斑,1
11488,樹當門老斑駁,1
11489,當門老斑駁蒼,1
11490,門老斑駁蒼苔,1
11491,老斑駁蒼苔鎖,1
11492,斑駁蒼苔鎖徑,1
11493,駁蒼苔鎖徑閑,1
11494,蒼苔鎖徑閑預,1
11495,苔鎖徑閑預想,1
11496,鎖徑閑預想松,1
11497,徑閑預想松軒,1
11498,閑預想松軒夜,1
11499,預想松軒夜禪,1
11500,想松軒夜禪處,1
11501,松軒夜禪處虎,1
11502,軒夜禪處虎溪,1
11503,夜禪處虎溪圓,1
11504,禪處虎溪圓月,1
11505,處虎溪圓月照,1
11506,虎溪圓月照空,1
11507,溪圓月照空山,1
11508,圓月照空山氣,1
11509,月照空山氣秀,1
11510,照空山氣秀情,1
11511,空山氣秀情閑,1
11512,山氣秀情閑杳,1
11513,氣秀情閑杳莫,1
11514,秀情閑杳莫群,1
11515,情閑杳莫群廬,1
11516,閑杳莫群廬山,1
11517,杳莫群廬山遊,1
11518,莫群廬山遊去,1
11519,群廬山遊去志,1
11520,廬山遊去志求,1
11521,山遊去志求文,1
11522,遊去志求文已,1
11523,去志求文已能,1
11524,志求文已能探,1
11525,求文已能探虎,1
11526,文已能探虎窮,1
11527,已能探虎窮騷,1
11528,能探虎窮騷雅,1
11529,探虎窮騷雅又,1
11530,虎窮騷雅又欲,1
11531,窮騷雅又欲囊,1
11532,騷雅又欲囊螢,1
11533,雅又欲囊螢就,1
11534,又欲囊螢就典,1
11535,欲囊螢就典墳,1
11536,囊螢就典墳目,1
11537,螢就典墳目豁,1
11538,就典墳目豁乍,1
11539,典墳目豁乍窺,1
11540,墳目豁乍窺千,1
11541,目豁乍窺千里,1
11542,豁乍窺千里浪,1
11543,乍窺千里浪夢,1
11544,窺千里浪夢寒,1
11545,千里浪夢寒初,1
11546,里浪夢寒初宿,1
11547,浪夢寒初宿五,1
11548,夢寒初宿五峰,1
11549,寒初宿五峰雲,1
11550,初宿五峰雲業,1
11551,宿五峰雲業成,1
11552,五峰雲業成早,1
11553,峰雲業成早赴,1
11554,雲業成早赴春,1
11555,業成早赴春闈,1
11556,成早赴春闈約,1
11557,早赴春闈約要,1
11558,赴春闈約要使,1
11559,春闈約要使嘉,1
11560,闈約要使嘉名,1
11561,約要使嘉名海,1
11562,要使嘉名海內,1
11563,使嘉名海內聞,1
11564,嘉名海內聞偶,1
11565,名海內聞偶向,1
11566,海內聞偶向蘆,1
11567,內聞偶向蘆花,1
11568,聞偶向蘆花深,1
11569,偶向蘆花深處,1
11570,向蘆花深處行,1
11571,蘆花深處行溪,1
11572,花深處行溪光,1
11573,深處行溪光山,1
11574,處行溪光山色,1
11575,行溪光山色晚,1
11576,溪光山色晚來,1
11577,光山色晚來晴,1
11578,山色晚來晴漁,1
11579,色晚來晴漁家,1
11580,晚來晴漁家開,1
11581,來晴漁家開戶,1
11582,晴漁家開戶相,1
11583,漁家開戶相迎,1
11584,家開戶相迎接,1
11585,開戶相迎接稚,1
11586,戶相迎接稚子,1
11587,相迎接稚子爭,1
11588,迎接稚子爭窺,1
11589,接稚子爭窺犬,1
11590,稚子爭窺犬吠,1
11591,子爭窺犬吠聲,1
11592,爭窺犬吠聲雪,1
11593,窺犬吠聲雪鬢,1
11594,犬吠聲雪鬢衰,1
11595,吠聲雪鬢衰髯,1
11596,聲雪鬢衰髯白,1
11597,雪鬢衰髯白布,1
11598,鬢衰髯白布袍,1
11599,衰髯白布袍笑,1
11600,髯白布袍笑攜,1
11601,白布袍笑攜赬,1
11602,布袍笑攜赬鯉,1
11603,袍笑攜赬鯉換,1
11604,笑攜赬鯉換村,1
11605,攜赬鯉換村醪,1
11606,赬鯉換村醪殷,1
11607,鯉換村醪殷勤,1
11608,換村醪殷勤留,1
11609,村醪殷勤留我,1
11610,醪殷勤留我宿,1
11611,殷勤留我宿溪,1
11612,勤留我宿溪上,1
11613,留我宿溪上釣,1
11614,我宿溪上釣艇,1
11615,宿溪上釣艇歸,1
11616,溪上釣艇歸來,1
11617,上釣艇歸來明,1
11618,釣艇歸來明月,1
11619,艇歸來明月高,1
11620,歸來明月高砧,1
11621,來明月高砧杵,1
11622,明月高砧杵誰,1
11623,月高砧杵誰家,1
11624,高砧杵誰家夜,1
11625,砧杵誰家夜擣,1
11626,杵誰家夜擣衣,1
11627,誰家夜擣衣金,1
11628,家夜擣衣金風,1
11629,夜擣衣金風淅,1
11630,擣衣金風淅淅,1
11631,衣金風淅淅露,1
11632,金風淅淅露微,1
11633,風淅淅露微微,1
11634,淅淅露微微月,1
11635,淅露微微月中,1
11636,露微微月中獨,1
11637,微微月中獨坐,1
11638,微月中獨坐不,1
11639,月中獨坐不成,1
11640,中獨坐不成寐,1
11641,獨坐不成寐舊,1
11642,坐不成寐舊業,1
11643,不成寐舊業經,1
11644,成寐舊業經年,1
11645,寐舊業經年未,1
11646,舊業經年未得,1
11647,業經年未得歸,1
11648,經年未得歸仙,1
11649,年未得歸仙翁,1
11650,未得歸仙翁別,1
11651,得歸仙翁別後,1
11652,歸仙翁別後無,1
11653,仙翁別後無信,1
11654,翁別後無信應,1
11655,別後無信應共,1
11656,後無信應共煙,1
11657,無信應共煙霞,1
11658,信應共煙霞卜,1
11659,應共煙霞卜鄰,1
11660,共煙霞卜鄰莫,1
11661,煙霞卜鄰莫把,1
11662,霞卜鄰莫把壺,1
11663,卜鄰莫把壺中,1
11664,鄰莫把壺中秘,1
11665,莫把壺中秘訣,1
11666,把壺中秘訣輕,1
11667,壺中秘訣輕傳,1
11668,中秘訣輕傳塵,1
11669,秘訣輕傳塵裏,1
11670,訣輕傳塵裏遊,1
11671,輕傳塵裏遊人,1
11672,傳塵裏遊人浮,1
11673,塵裏遊人浮生,1
11674,裏遊人浮生日,1
11675,遊人浮生日月,1
11676,人浮生日月自,1
11677,浮生日月自急,1
11678,生日月自急上,1
11679,日月自急上境,1
11680,月自急上境鶯,1
11681,自急上境鶯花,1
11682,急上境鶯花正,1
11683,上境鶯花正春,1
11684,境鶯花正春安,1
11685,鶯花正春安得,1
11686,花正春安得一,1
11687,正春安得一招,1
11688,春安得一招琴,1
11689,安得一招琴酒,1
11690,得一招琴酒與,1
11691,一招琴酒與君,1
11692,招琴酒與君共,1
11693,琴酒與君共泛,1
11694,酒與君共泛天,1
11695,與君共泛天津,1
11696,君共泛天津花,1
11697,共泛天津花開,1
11698,泛天津花開葉,1
11699,天津花開葉落,1
11700,津花開葉落堪,1
11701,花開葉落堪悲,1
11702,開葉落堪悲似,1
11703,葉落堪悲似水,1
11704,落堪悲似水年,1
11705,堪悲似水年光,1
11706,悲似水年光暗,1
11707,似水年光暗移,1
11708,水年光暗移身,1
11709,年光暗移身世,1
11710,光暗移身世都,1
11711,暗移身世都如,1
11712,移身世都如夢,1
11713,身世都如夢役,1
11714,世都如夢役是,1
11715,都如夢役是非,1
11716,如夢役是非空,1
11717,夢役是非空使,1
11718,役是非空使神,1
11719,是非空使神疲,1
11720,非空使神疲良,1
11721,空使神疲良圖,1
11722,使神疲良圖有,1
11723,神疲良圖有分,1
11724,疲良圖有分終,1
11725,良圖有分終在,1
11726,圖有分終在所,1
11727,有分終在所欲,1
11728,分終在所欲無,1
11729,終在所欲無勞,1
11730,在所欲無勞妄,1
11731,所欲無勞妄思,1
11732,欲無勞妄思幸,1
11733,無勞妄思幸有,1
11734,勞妄思幸有一,1
11735,妄思幸有一壺,1
11736,思幸有一壺清,1
11737,幸有一壺清酒,1
11738,有一壺清酒且,1
11739,一壺清酒且來,1
11740,壺清酒且來閑,1
11741,清酒且來閑語,1
11742,酒且來閑語希,1
11743,且來閑語希夷,1
11744,來閑語希夷長,1
11745,閑語希夷長笛,1
11746,語希夷長笛起,1
11747,希夷長笛起誰,1
11748,夷長笛起誰家,1
11749,長笛起誰家秋,1
11750,笛起誰家秋涼,1
11751,起誰家秋涼夜,1
11752,誰家秋涼夜漏,1
11753,家秋涼夜漏賒,1
11754,秋涼夜漏賒一,1
11755,涼夜漏賒一聲,1
11756,夜漏賒一聲來,1
11757,漏賒一聲來枕,1
11758,賒一聲來枕上,1
11759,一聲來枕上孤,1
11760,聲來枕上孤客,1
11761,來枕上孤客在,1
11762,枕上孤客在天,1
11763,上孤客在天涯,1
11764,孤客在天涯木,1
11765,客在天涯木末,1
11766,在天涯木末風,1
11767,天涯木末風微,1
11768,涯木末風微動,1
11769,木末風微動窗,1
11770,末風微動窗前,1
11771,風微動窗前月,1
11772,微動窗前月漸,1
11773,動窗前月漸斜,1
11774,窗前月漸斜暗,1
11775,前月漸斜暗牽,1
11776,月漸斜暗牽詩,1
11777,漸斜暗牽詩思,1
11778,斜暗牽詩思苦,1
11779,暗牽詩思苦不,1
11780,牽詩思苦不獨,1
11781,詩思苦不獨落,1
11782,思苦不獨落梅,1
11783,苦不獨落梅花,1
11784,不獨落梅花忽,1
11785,獨落梅花忽起,1
11786,落梅花忽起毗,1
11787,梅花忽起毗陵,1
11788,花忽起毗陵念,1
11789,忽起毗陵念飄,1
11790,起毗陵念飄然,1
11791,毗陵念飄然不,1
11792,陵念飄然不可,1
11793,飄然不可留聽,1
11794,然不可留聽蟬,1
11795,不可留聽蟬離,1
11796,可留聽蟬離古,1
11797,留聽蟬離古寺,1
11798,聽蟬離古寺攜,1
11799,蟬離古寺攜錫,1
11800,離古寺攜錫上,1
11801,古寺攜錫上扁,1
11802,寺攜錫上扁舟,1
11803,攜錫上扁舟月,1
11804,錫上扁舟月出,1
11805,上扁舟月出沙,1
11806,扁舟月出沙汀,1
11807,舟月出沙汀冷,1
11808,月出沙汀冷風,1
11809,出沙汀冷風高,1
11810,沙汀冷風高葦,1
11811,汀冷風高葦岸,1
11812,冷風高葦岸秋,1
11813,風高葦岸秋回,1
11814,高葦岸秋回期,1
11815,葦岸秋回期端,1
11816,岸秋回期端的,1
11817,秋回期端的否,1
11818,回期端的否千,1
11819,期端的否千里,1
11820,端的否千里路,1
11821,的否千里路悠,1
11822,否千里路悠悠,1
11823,千里路悠悠維,1
11824,里路悠悠維舟,1
11825,路悠悠維舟登,1
11826,悠悠維舟登野,1
11827,悠維舟登野岸,1
11828,維舟登野岸因,1
11829,舟登野岸因訪,1
11830,登野岸因訪故,1
11831,野岸因訪故人,1
11832,岸因訪故人居,1
11833,因訪故人居亂,1
11834,訪故人居亂後,1
11835,故人居亂後知,1
11836,人居亂後知何,1
11837,居亂後知何處,1
11838,亂後知何處荊,1
11839,後知何處荊榛,1
11840,知何處荊榛匝,1
11841,何處荊榛匝弊,1
11842,處荊榛匝弊廬,1
11843,荊榛匝弊廬欲,1
11844,榛匝弊廬欲問,1
11845,匝弊廬欲問當,1
11846,弊廬欲問當年,1
11847,廬欲問當年事,1
11848,欲問當年事耕,1
11849,問當年事耕人,1
11850,當年事耕人都,1
11851,年事耕人都不,1
11852,事耕人都不知,1
11853,耕人都不知空,1
11854,人都不知空餘,1
11855,都不知空餘堤,1
11856,不知空餘堤上,1
11857,知空餘堤上柳,1
11858,空餘堤上柳依,1
11859,餘堤上柳依舊,1
11860,堤上柳依舊自,1
11861,上柳依舊自垂,1
11862,柳依舊自垂絲,1
11863,依舊自垂絲憶,1
11864,舊自垂絲憶昔,1
11865,自垂絲憶昔采,1
11866,垂絲憶昔采芝,1
11867,絲憶昔采芝廬,1
11868,憶昔采芝廬嶽,1
11869,昔采芝廬嶽頂,1
11870,采芝廬嶽頂清,1
11871,芝廬嶽頂清宮,1
11872,廬嶽頂清宮常,1
11873,嶽頂清宮常接,1
11874,頂清宮常接絳,1
11875,清宮常接絳霄,1
11876,宮常接絳霄人,1
11877,常接絳霄人玉,1
11878,接絳霄人玉書,1
11879,絳霄人玉書閑,1
11880,霄人玉書閑展,1
11881,人玉書閑展石,1
11882,玉書閑展石樓,1
11883,書閑展石樓曉,1
11884,閑展石樓曉瑤,1
11885,展石樓曉瑤瑟,1
11886,石樓曉瑤瑟醉,1
11887,樓曉瑤瑟醉彈,1
11888,曉瑤瑟醉彈琪,1
11889,瑤瑟醉彈琪樹,1
11890,瑟醉彈琪樹春,1
11891,醉彈琪樹春惟,1
11892,彈琪樹春惟恨,1
11893,琪樹春惟恨仙,1
11894,樹春惟恨仙桃,1
11895,春惟恨仙桃遲,1
11896,惟恨仙桃遲結,1
11897,恨仙桃遲結實,1
11898,仙桃遲結實不,1
11899,桃遲結實不憂,1
11900,遲結實不憂滄,1
11901,結實不憂滄海,1
11902,實不憂滄海易,1
11903,不憂滄海易成,1
11904,憂滄海易成塵,1
11905,滄海易成塵似,1
11906,海易成塵似醒,1
11907,易成塵似醒一,1
11908,成塵似醒一夢,1
11909,塵似醒一夢歸,1
11910,似醒一夢歸凡,1
11911,醒一夢歸凡世,1
11912,一夢歸凡世空,1
11913,夢歸凡世空向,1
11914,歸凡世空向彤,1
11915,凡世空向彤霞,1
11916,世空向彤霞寄,1
11917,空向彤霞寄夢,1
11918,向彤霞寄夢頻,1
11919,彤霞寄夢頻昔,1
11920,霞寄夢頻昔歲,1
11921,寄夢頻昔歲曾,1
11922,夢頻昔歲曾居,1
11923,頻昔歲曾居湓,1
11924,昔歲曾居湓水,1
11925,歲曾居湓水頭,1
11926,曾居湓水頭草,1
11927,居湓水頭草堂,1
11928,湓水頭草堂吟,1
11929,水頭草堂吟嘯,1
11930,頭草堂吟嘯興,1
11931,草堂吟嘯興何,1
11932,堂吟嘯興何幽,1
11933,吟嘯興何幽迎,1
11934,嘯興何幽迎僧,1
11935,興何幽迎僧常,1
11936,何幽迎僧常踏,1
11937,幽迎僧常踏竹,1
11938,迎僧常踏竹間,1
11939,僧常踏竹間蘚,1
11940,常踏竹間蘚愛,1
11941,踏竹間蘚愛月,1
11942,竹間蘚愛月獨,1
11943,間蘚愛月獨登,1
11944,蘚愛月獨登溪,1
11945,愛月獨登溪上,1
11946,月獨登溪上樓,1
11947,獨登溪上樓寒,1
11948,登溪上樓寒翠,1
11949,溪上樓寒翠入,1
11950,上樓寒翠入簷,1
11951,樓寒翠入簷嵐,1
11952,寒翠入簷嵐岫,1
11953,翠入簷嵐岫曉,1
11954,入簷嵐岫曉冷,1
11955,簷嵐岫曉冷聲,1
11956,嵐岫曉冷聲縈,1
11957,岫曉冷聲縈枕,1
11958,曉冷聲縈枕野,1
11959,冷聲縈枕野泉,1
11960,聲縈枕野泉秋,1
11961,縈枕野泉秋從,1
11962,枕野泉秋從拘,1
11963,野泉秋從拘宦,1
11964,泉秋從拘宦路,1
11965,秋從拘宦路無,1
11966,從拘宦路無由,1
11967,拘宦路無由到,1
11968,宦路無由到昨,1
11969,路無由到昨夜,1
11970,無由到昨夜分,1
11971,由到昨夜分明,1
11972,到昨夜分明夢,1
11973,昨夜分明夢去,1
11974,夜分明夢去遊,1
11975,分明夢去遊王,1
11976,明夢去遊王孫,1
11977,夢去遊王孫昔,1
11978,去遊王孫昔日,1
11979,遊王孫昔日甚,1
11980,王孫昔日甚相,1
11981,孫昔日甚相親,1
11982,昔日甚相親共,1
11983,日甚相親共賞,1
11984,甚相親共賞西,1
11985,相親共賞西園,1
11986,親共賞西園正,1
11987,共賞西園正媚,1
11988,賞西園正媚春,1
11989,西園正媚春醉,1
11990,園正媚春醉臥,1
11991,正媚春醉臥如,1
11992,媚春醉臥如茵,1
11993,春醉臥如茵芳,1
11994,醉臥如茵芳草,1
11995,臥如茵芳草上,1
11996,如茵芳草上覺,1
11997,茵芳草上覺來,1
11998,芳草上覺來花,1
11999,草上覺來花月,1
12000,上覺來花月影,1
12001,覺來花月影籠,1
12002,來花月影籠身,1
12003,花月影籠身煙,1
12004,月影籠身煙鋪,1
12005,影籠身煙鋪芳,1
12006,籠身煙鋪芳草,1
12007,身煙鋪芳草正,1
12008,煙鋪芳草正綿,1
12009,鋪芳草正綿綿,1
12010,芳草正綿綿藉,1
12011,草正綿綿藉草,1
12012,正綿綿藉草傳,1
12013,綿綿藉草傳杯,1
12014,綿藉草傳杯似,1
12015,藉草傳杯似列,1
12016,草傳杯似列仙,1
12017,傳杯似列仙暫,1
12018,杯似列仙暫輟,1
12019,似列仙暫輟笙,1
12020,列仙暫輟笙歌,1
12021,仙暫輟笙歌且,1
12022,暫輟笙歌且聯,1
12023,輟笙歌且聯句,1
12024,笙歌且聯句含,1
12025,歌且聯句含毫,1
12026,且聯句含毫花,1
12027,聯句含毫花下,1
12028,句含毫花下破,1
12029,含毫花下破香,1
12030,毫花下破香箋,1
12031,花下破香箋南,1
12032,下破香箋南陌,1
12033,破香箋南陌風,1
12034,香箋南陌風和,1
12035,箋南陌風和舞,1
12036,南陌風和舞蝶,1
12037,陌風和舞蝶狂,1
12038,風和舞蝶狂惜,1
12039,和舞蝶狂惜春,1
12040,舞蝶狂惜春公,1
12041,蝶狂惜春公子,1
12042,狂惜春公子戀,1
12043,惜春公子戀斜,1
12044,春公子戀斜陽,1
12045,公子戀斜陽高,1
12046,子戀斜陽高歌,1
12047,戀斜陽高歌飲,1
12048,斜陽高歌飲罷,1
12049,陽高歌飲罷將,1
12050,高歌飲罷將回,1
12051,歌飲罷將回轡,1
12052,飲罷將回轡衣,1
12053,罷將回轡衣上,1
12054,將回轡衣上花,1
12055,回轡衣上花兼,1
12056,轡衣上花兼百,1
12057,衣上花兼百草,1
12058,上花兼百草香,1
12059,花兼百草香春,1
12060,兼百草香春郊,1
12061,百草香春郊飲,1
12062,草香春郊飲散,1
12063,香春郊飲散暮,1
12064,春郊飲散暮煙,1
12065,郊飲散暮煙收,1
12066,飲散暮煙收卻,1
12067,散暮煙收卻引,1
12068,暮煙收卻引絲,1
12069,煙收卻引絲簧,1
12070,收卻引絲簧上,1
12071,卻引絲簧上翠,1
12072,引絲簧上翠樓,1
12073,絲簧上翠樓紅,1
12074,簧上翠樓紅袖,1
12075,上翠樓紅袖歌,1
12076,翠樓紅袖歌長,1
12077,樓紅袖歌長金,1
12078,紅袖歌長金斝,1
12079,袖歌長金斝亂,1
12080,歌長金斝亂銀,1
12081,長金斝亂銀蟾,1
12082,金斝亂銀蟾飛,1
12083,斝亂銀蟾飛出,1
12084,亂銀蟾飛出海,1
12085,銀蟾飛出海東,1
12086,蟾飛出海東頭,1
12087,飛出海東頭昔,1
12088,出海東頭昔年,1
12089,海東頭昔年常,1
12090,東頭昔年常接,1
12091,頭昔年常接五,1
12092,昔年常接五陵,1
12093,年常接五陵狂,1
12094,常接五陵狂洪,1
12095,接五陵狂洪飲,1
12096,五陵狂洪飲花,1
12097,陵狂洪飲花間,1
12098,狂洪飲花間數,1
12099,洪飲花間數十,1
12100,飲花間數十場,1
12101,花間數十場別,1
12102,間數十場別後,1
12103,數十場別後或,1
12104,十場別後或驚,1
12105,場別後或驚如,1
12106,別後或驚如夢,1
12107,後或驚如夢覺,1
12108,或驚如夢覺音,1
12109,驚如夢覺音塵,1
12110,如夢覺音塵難,1
12111,夢覺音塵難問,1
12112,覺音塵難問水,1
12113,音塵難問水茫,1
12114,塵難問水茫茫,1
12115,難問水茫茫潺,1
12116,問水茫茫潺潺,1
12117,水茫茫潺潺青,1
12118,茫茫潺潺青嶂,1
12119,茫潺潺青嶂底,1
12120,潺潺青嶂底來,1
12121,潺青嶂底來處,1
12122,青嶂底來處一,1
12123,嶂底來處一何,1
12124,底來處一何長,1
12125,來處一何長漱,1
12126,處一何長漱石,1
12127,一何長漱石苔,1
12128,何長漱石苔痕,1
12129,長漱石苔痕滑,1
12130,漱石苔痕滑侵,1
12131,石苔痕滑侵松,1
12132,苔痕滑侵松鶴,1
12133,痕滑侵松鶴夢,1
12134,滑侵松鶴夢涼,1
12135,侵松鶴夢涼泛,1
12136,松鶴夢涼泛花,1
12137,鶴夢涼泛花穿,1
12138,夢涼泛花穿竹,1
12139,涼泛花穿竹塢,1
12140,泛花穿竹塢瀉,1
12141,花穿竹塢瀉月,1
12142,穿竹塢瀉月下,1
12143,竹塢瀉月下蓮,1
12144,塢瀉月下蓮塘,1
12145,瀉月下蓮塘想,1
12146,月下蓮塘想得,1
12147,下蓮塘想得歸,1
12148,蓮塘想得歸何,1
12149,塘想得歸何處,1
12150,想得歸何處天,1
12151,得歸何處天涯,1
12152,歸何處天涯助,1
12153,何處天涯助渺,1
12154,處天涯助渺茫,1
12155,天涯助渺茫多,1
12156,涯助渺茫多士,1
12157,助渺茫多士池,1
12158,渺茫多士池塘,1
12159,茫多士池塘好,1
12160,多士池塘好塵,1
12161,士池塘好塵中,1
12162,池塘好塵中景,1
12163,塘好塵中景恐,1
12164,好塵中景恐無,1
12165,塵中景恐無年,1
12166,中景恐無年來,1
12167,景恐無年來養,1
12168,恐無年來養鷗,1
12169,無年來養鷗鷺,1
12170,年來養鷗鷺夢,1
12171,來養鷗鷺夢不,1
12172,養鷗鷺夢不去,1
12173,鷗鷺夢不去江,1
12174,鷺夢不去江湖,1
12175,夢不去江湖泉,1
12176,不去江湖泉脈,1
12177,去江湖泉脈通,1
12178,江湖泉脈通深,1
12179,湖泉脈通深澗,1
12180,泉脈通深澗風,1
12181,脈通深澗風聲,1
12182,通深澗風聲起,1
12183,深澗風聲起短,1
12184,澗風聲起短蘆,1
12185,風聲起短蘆驚,1
12186,聲起短蘆驚魚,1
12187,起短蘆驚魚跳,1
12188,短蘆驚魚跳藻,1
12189,蘆驚魚跳藻荇,1
12190,驚魚跳藻荇戲,1
12191,魚跳藻荇戲蝶,1
12192,跳藻荇戲蝶上,1
12193,藻荇戲蝶上菰,1
12194,荇戲蝶上菰蒲,1
12195,戲蝶上菰蒲泛,1
12196,蝶上菰蒲泛泛,1
12197,上菰蒲泛泛容,1
12198,菰蒲泛泛容漁,1
12199,蒲泛泛容漁艇,1
12200,泛泛容漁艇閑,1
12201,泛容漁艇閑閑,1
12202,容漁艇閑閑載,1
12203,漁艇閑閑載酒,1
12204,艇閑閑載酒壺,1
12205,閑閑載酒壺漲,1
12206,閑載酒壺漲痕,1
12207,載酒壺漲痕山,1
12208,酒壺漲痕山雨,1
12209,壺漲痕山雨過,1
12210,漲痕山雨過翠,1
12211,痕山雨過翠積,1
12212,山雨過翠積岸,1
12213,雨過翠積岸苔,1
12214,過翠積岸苔鋪,1
12215,翠積岸苔鋪花,1
12216,積岸苔鋪花影,1
12217,岸苔鋪花影沈,1
12218,苔鋪花影沈波,1
12219,鋪花影沈波底,1
12220,花影沈波底煙,1
12221,影沈波底煙光,1
12222,沈波底煙光入,1
12223,波底煙光入座,1
12224,底煙光入座隅,1
12225,煙光入座隅曉,1
12226,光入座隅曉香,1
12227,入座隅曉香憐,1
12228,座隅曉香憐杜,1
12229,隅曉香憐杜若,1
12230,曉香憐杜若夜,1
12231,香憐杜若夜浸,1
12232,憐杜若夜浸愛,1
12233,杜若夜浸愛蟾,1
12234,若夜浸愛蟾蜍,1
12235,夜浸愛蟾蜍步,1
12236,浸愛蟾蜍步逸,1
12237,愛蟾蜍步逸心,1
12238,蟾蜍步逸心難,1
12239,蜍步逸心難厭,1
12240,步逸心難厭看,1
12241,逸心難厭看吟,1
12242,心難厭看吟興,1
12243,難厭看吟興不,1
12244,厭看吟興不辜,1
12245,看吟興不辜憑,1
12246,吟興不辜憑君,1
12247,興不辜憑君命,1
12248,不辜憑君命奇,1
12249,辜憑君命奇筆,1
12250,憑君命奇筆為,1
12251,君命奇筆為我,1
12252,命奇筆為我寫,1
12253,奇筆為我寫成,1
12254,筆為我寫成圖,1
12255,為我寫成圖見,1
12256,我寫成圖見說,1
12257,寫成圖見說靈,1
12258,成圖見說靈泉,1
12259,圖見說靈泉好,1
12260,見說靈泉好潺,1
12261,說靈泉好潺湲,1
12262,靈泉好潺湲興,1
12263,泉好潺湲興莫,1
12264,好潺湲興莫窮,1
12265,潺湲興莫窮誰,1
12266,湲興莫窮誰當,1
12267,興莫窮誰當秋,1
12268,莫窮誰當秋霽,1
12269,窮誰當秋霽後,1
12270,誰當秋霽後獨,1
12271,當秋霽後獨聽,1
12272,秋霽後獨聽月,1
12273,霽後獨聽月明,1
12274,後獨聽月明中,1
12275,獨聽月明中濺,1
12276,聽月明中濺石,1
12277,月明中濺石苔,1
12278,明中濺石苔花,1
12279,中濺石苔花潤,1
12280,濺石苔花潤隨,1
12281,石苔花潤隨流,1
12282,苔花潤隨流木,1
12283,花潤隨流木葉,1
12284,潤隨流木葉紅,1
12285,隨流木葉紅何,1
12286,流木葉紅何當,1
12287,木葉紅何當化,1
12288,葉紅何當化霖,1
12289,紅何當化霖雨,1
12290,何當化霖雨濟,1
12291,當化霖雨濟物,1
12292,化霖雨濟物顯,1
12293,霖雨濟物顯殊,1
12294,雨濟物顯殊功,1
12295,濟物顯殊功決,1
12296,物顯殊功決獄,1
12297,顯殊功決獄多,1
12298,殊功決獄多餘,1
12299,功決獄多餘暇,1
12300,決獄多餘暇冥,1
12301,獄多餘暇冥搜,1
12302,多餘暇冥搜萬,1
12303,餘暇冥搜萬象,1
12304,暇冥搜萬象空,1
12305,冥搜萬象空捲,1
12306,搜萬象空捲簾,1
12307,萬象空捲簾疏,1
12308,象空捲簾疏雨,1
12309,空捲簾疏雨後,1
12310,捲簾疏雨後鎖,1
12311,簾疏雨後鎖印,1
12312,疏雨後鎖印夕,1
12313,雨後鎖印夕陽,1
12314,後鎖印夕陽中,1
12315,鎖印夕陽中還,1
12316,印夕陽中還往,1
12317,夕陽中還往多,1
12318,陽中還往多名,1
12319,中還往多名士,1
12320,還往多名士編,1
12321,往多名士編題,1
12322,多名士編題尚,1
12323,名士編題尚古,1
12324,士編題尚古風,1
12325,編題尚古風宦,1
12326,題尚古風宦途,1
12327,尚古風宦途知,1
12328,古風宦途知此,1
12329,風宦途知此味,1
12330,宦途知此味能,1
12331,途知此味能有,1
12332,知此味能有幾,1
12333,此味能有幾人,1
12334,味能有幾人同,1
12335,能有幾人同群,1
12336,有幾人同群木,1
12337,幾人同群木方,1
12338,人同群木方憎,1
12339,同群木方憎雪,1
12340,群木方憎雪開,1
12341,木方憎雪開花,1
12342,方憎雪開花長,1
12343,憎雪開花長在,1
12344,雪開花長在先,1
12345,開花長在先流,1
12346,花長在先流鶯,1
12347,長在先流鶯與,1
12348,在先流鶯與舞,1
12349,先流鶯與舞蝶,1
12350,流鶯與舞蝶不,1
12351,鶯與舞蝶不見,1
12352,與舞蝶不見許,1
12353,舞蝶不見許因,1
12354,蝶不見許因緣,1
12355,不見許因緣別,1
12356,見許因緣別後,1
12357,許因緣別後音,1
12358,因緣別後音塵,1
12359,緣別後音塵斷,1
12360,別後音塵斷相,1
12361,後音塵斷相逢,1
12362,音塵斷相逢又,1
12363,塵斷相逢又共,1
12364,斷相逢又共吟,1
12365,相逢又共吟雪,1
12366,逢又共吟雪霜,1
12367,又共吟雪霜今,1
12368,共吟雪霜今日,1
12369,吟雪霜今日鬢,1
12370,雪霜今日鬢煙,1
12371,霜今日鬢煙月,1
12372,今日鬢煙月舊,1
12373,日鬢煙月舊時,1
12374,鬢煙月舊時心,1
12375,煙月舊時心艤,1
12376,月舊時心艤棹,1
12377,舊時心艤棹夕,1
12378,時心艤棹夕陽,1
12379,心艤棹夕陽在,1
12380,艤棹夕陽在聽,1
12381,棹夕陽在聽鴻,1
12382,夕陽在聽鴻秋,1
12383,陽在聽鴻秋色,1
12384,在聽鴻秋色深,1
12385,聽鴻秋色深一,1
12386,鴻秋色深一尊,1
12387,秋色深一尊開,1
12388,色深一尊開口,1
12389,深一尊開口笑,1
12390,一尊開口笑不,1
12391,尊開口笑不必,1
12392,開口笑不必話,1
12393,口笑不必話升,1
12394,笑不必話升沈,1
12395,不必話升沈經,1
12396,必話升沈經年,1
12397,話升沈經年離,1
12398,升沈經年離象,1
12399,沈經年離象魏,1
12400,經年離象魏孤,1
12401,年離象魏孤宦,1
12402,離象魏孤宦在,1
12403,象魏孤宦在南,1
12404,魏孤宦在南荒,1
12405,孤宦在南荒酒,1
12406,宦在南荒酒醒,1
12407,在南荒酒醒公,1
12408,南荒酒醒公齋,1
12409,荒酒醒公齋冷,1
12410,酒醒公齋冷雨,1
12411,醒公齋冷雨多,1
12412,公齋冷雨多歸,1
12413,齋冷雨多歸夢,1
12414,冷雨多歸夢長,1
12415,雨多歸夢長志,1
12416,多歸夢長志難,1
12417,歸夢長志難酬,1
12418,夢長志難酬國,1
12419,長志難酬國澤,1
12420,志難酬國澤術,1
12421,難酬國澤術欠,1
12422,酬國澤術欠致,1
12423,國澤術欠致民,1
12424,澤術欠致民康,1
12425,術欠致民康吾,1
12426,欠致民康吾子,1
12427,致民康吾子應,1
12428,民康吾子應相,1
12429,康吾子應相笑,1
12430,吾子應相笑區,1
12431,子應相笑區區,1
12432,應相笑區區道,1
12433,相笑區區道未,1
12434,笑區區道未光,1
12435,區區道未光千,1
12436,區道未光千門,1
12437,道未光千門忻,1
12438,未光千門忻應,1
12439,光千門忻應瑞,1
12440,千門忻應瑞偏,1
12441,門忻應瑞偏稱,1
12442,忻應瑞偏稱上,1
12443,應瑞偏稱上樓,1
12444,瑞偏稱上樓看,1
12445,偏稱上樓看密,1
12446,稱上樓看密灑,1
12447,上樓看密灑虛,1
12448,樓看密灑虛窗,1
12449,看密灑虛窗曉,1
12450,密灑虛窗曉狂,1
12451,灑虛窗曉狂飄,1
12452,虛窗曉狂飄大,1
12453,窗曉狂飄大野,1
12454,曉狂飄大野寒,1
12455,狂飄大野寒園,1
12456,飄大野寒園深,1
12457,大野寒園深宜,1
12458,野寒園深宜竹,1
12459,寒園深宜竹樹,1
12460,園深宜竹樹簾,1
12461,深宜竹樹簾卷,1
12462,宜竹樹簾卷洽,1
12463,竹樹簾卷洽杯,1
12464,樹簾卷洽杯盤,1
12465,簾卷洽杯盤已,1
12466,卷洽杯盤已作,1
12467,洽杯盤已作豐,1
12468,杯盤已作豐年,1
12469,盤已作豐年兆,1
12470,已作豐年兆黎,1
12471,作豐年兆黎民,1
12472,豐年兆黎民意,1
12473,年兆黎民意盡,1
12474,兆黎民意盡安,1
12475,黎民意盡安清,1
12476,民意盡安清明,1
12477,意盡安清明時,1
12478,盡安清明時節,1
12479,安清明時節好,1
12480,清明時節好煙,1
12481,明時節好煙光,1
12482,時節好煙光英,1
12483,節好煙光英傑,1
12484,好煙光英傑高,1
12485,煙光英傑高吟,1
12486,光英傑高吟興,1
12487,英傑高吟興味,1
12488,傑高吟興味長,1
12489,高吟興味長捧,1
12490,吟興味長捧日,1
12491,興味長捧日即,1
12492,味長捧日即應,1
12493,長捧日即應還,1
12494,捧日即應還禁,1
12495,日即應還禁衛,1
12496,即應還禁衛當,1
12497,應還禁衛當春,1
12498,還禁衛當春何,1
12499,禁衛當春何惜,1
12500,衛當春何惜醉,1
12501,當春何惜醉朐,1
12502,春何惜醉朐陽,1
12503,何惜醉朐陽千,1
12504,惜醉朐陽千山,1
12505,醉朐陽千山過,1
12506,朐陽千山過雨,1
12507,陽千山過雨難,1
12508,千山過雨難藏,1
12509,山過雨難藏翠,1
12510,過雨難藏翠百,1
12511,雨難藏翠百卉,1
12512,難藏翠百卉臨,1
12513,藏翠百卉臨風,1
12514,翠百卉臨風不,1
12515,百卉臨風不藉,1
12516,卉臨風不藉香,1
12517,臨風不藉香卻,1
12518,風不藉香卻是,1
12519,不藉香卻是旅,1
12520,藉香卻是旅人,1
12521,香卻是旅人淒,1
12522,卻是旅人淒屑,1
12523,是旅人淒屑甚,1
12524,旅人淒屑甚夜,1
12525,人淒屑甚夜來,1
12526,淒屑甚夜來魂,1
12527,屑甚夜來魂夢,1
12528,甚夜來魂夢到,1
12529,夜來魂夢到家,1
12530,來魂夢到家鄉,1
12531,魂夢到家鄉三,1
12532,夢到家鄉三十,1
12533,到家鄉三十年,1
12534,家鄉三十年前,1
12535,鄉三十年前共,1
12536,三十年前共苦,1
12537,十年前共苦辛,1
12538,年前共苦辛囊,1
12539,前共苦辛囊螢,1
12540,共苦辛囊螢曾,1
12541,苦辛囊螢曾寄,1
12542,辛囊螢曾寄此,1
12543,囊螢曾寄此煙,1
12544,螢曾寄此煙岑,1
12545,曾寄此煙岑讀,1
12546,寄此煙岑讀書,1
12547,此煙岑讀書燈,1
12548,煙岑讀書燈暗,1
12549,岑讀書燈暗嫌,1
12550,讀書燈暗嫌雲,1
12551,書燈暗嫌雲重,1
12552,燈暗嫌雲重搜,1
12553,暗嫌雲重搜句,1
12554,嫌雲重搜句石,1
12555,雲重搜句石平,1
12556,重搜句石平憐,1
12557,搜句石平憐蘚,1
12558,句石平憐蘚深,1
12559,石平憐蘚深各,1
12560,平憐蘚深各曆,1
12561,憐蘚深各曆宦,1
12562,蘚深各曆宦途,1
12563,深各曆宦途悲,1
12564,各曆宦途悲聚,1
12565,曆宦途悲聚散,1
12566,宦途悲聚散幾,1
12567,途悲聚散幾看,1
12568,悲聚散幾看時,1
12569,聚散幾看時輩,1
12570,散幾看時輩或,1
12571,幾看時輩或浮,1
12572,看時輩或浮沈,1
12573,時輩或浮沈再,1
12574,輩或浮沈再來,1
12575,或浮沈再來物,1
12576,浮沈再來物景,1
12577,沈再來物景還,1
12578,再來物景還依,1
12579,來物景還依舊,1
12580,物景還依舊風,1
12581,景還依舊風冷,1
12582,還依舊風冷松,1
12583,依舊風冷松高,1
12584,舊風冷松高猿,1
12585,風冷松高猿狖,1
12586,冷松高猿狖吟,1
12587,松高猿狖吟竹,1
12588,高猿狖吟竹蔭,1
12589,猿狖吟竹蔭庭,1
12590,狖吟竹蔭庭除,1
12591,吟竹蔭庭除蘚,1
12592,竹蔭庭除蘚色,1
12593,蔭庭除蘚色濃,1
12594,庭除蘚色濃道,1
12595,除蘚色濃道心,1
12596,蘚色濃道心安,1
12597,色濃道心安逸,1
12598,濃道心安逸寂,1
12599,道心安逸寂寥,1
12600,心安逸寂寥中,1
12601,安逸寂寥中扣,1
12602,逸寂寥中扣門,1
12603,寂寥中扣門時,1
12604,寥中扣門時有,1
12605,中扣門時有棲,1
12606,扣門時有棲禪,1
12607,門時有棲禪客,1
12608,時有棲禪客灑,1
12609,有棲禪客灑酒,1
12610,棲禪客灑酒多,1
12611,禪客灑酒多招,1
12612,客灑酒多招采,1
12613,灑酒多招采藥,1
12614,酒多招采藥翁,1
12615,多招采藥翁江,1
12616,招采藥翁江近,1
12617,采藥翁江近好,1
12618,藥翁江近好聽,1
12619,翁江近好聽菱,1
12620,江近好聽菱芡,1
12621,近好聽菱芡雨,1
12622,好聽菱芡雨徑,1
12623,聽菱芡雨徑香,1
12624,菱芡雨徑香偏,1
12625,芡雨徑香偏愛,1
12626,雨徑香偏愛蕙,1
12627,徑香偏愛蕙蘭,1
12628,香偏愛蕙蘭風,1
12629,偏愛蕙蘭風我,1
12630,愛蕙蘭風我慚,1
12631,蕙蘭風我慚名,1
12632,蘭風我慚名宦,1
12633,風我慚名宦猶,1
12634,我慚名宦猶拘,1
12635,慚名宦猶拘束,1
12636,名宦猶拘束脫,1
12637,宦猶拘束脫屣,1
12638,猶拘束脫屣心,1
12639,拘束脫屣心情,1
12640,束脫屣心情未,1
12641,脫屣心情未得,1
12642,屣心情未得同,1
12643,心情未得同池,1
12644,情未得同池塘,1
12645,未得同池塘多,1
12646,得同池塘多謝,1
12647,同池塘多謝久,1
12648,池塘多謝久淹,1
12649,塘多謝久淹留,1
12650,多謝久淹留長,1
12651,謝久淹留長得,1
12652,久淹留長得霜,1
12653,淹留長得霜翎,1
12654,留長得霜翎放,1
12655,長得霜翎放自,1
12656,得霜翎放自由,1
12657,霜翎放自由好,1
12658,翎放自由好去,1
12659,放自由好去蒹,1
12660,自由好去蒹葭,1
12661,由好去蒹葭深,1
12662,好去蒹葭深處,1
12663,去蒹葭深處宿,1
12664,蒹葭深處宿月,1
12665,葭深處宿月明,1
12666,深處宿月明應,1
12667,處宿月明應認,1
12668,宿月明應認舊,1
12669,月明應認舊江,1
12670,明應認舊江秋,1
12671,應認舊江秋年,1
12672,認舊江秋年年,1
12673,舊江秋年年二,1
12674,江秋年年二月,1
12675,秋年年二月暮,1
12676,年年二月暮散,1
12677,年二月暮散亂,1
12678,二月暮散亂雜,1
12679,月暮散亂雜飛,1
12680,暮散亂雜飛花,1
12681,散亂雜飛花雨,1
12682,亂雜飛花雨過,1
12683,雜飛花雨過微,1
12684,飛花雨過微風,1
12685,花雨過微風起,1
12686,雨過微風起狂,1
12687,過微風起狂飄,1
12688,微風起狂飄千,1
12689,風起狂飄千萬,1
12690,起狂飄千萬家,1
12691,狂飄千萬家一,1
12692,飄千萬家一種,1
12693,千萬家一種和,1
12694,萬家一種和風,1
12695,家一種和風至,1
12696,一種和風至千,1
12697,種和風至千花,1
12698,和風至千花未,1
12699,風至千花未放,1
12700,至千花未放妍,1
12701,千花未放妍草,1
12702,花未放妍草心,1
12703,未放妍草心並,1
12704,放妍草心並柳,1
12705,妍草心並柳眼,1
12706,草心並柳眼長,1
12707,心並柳眼長是,1
12708,並柳眼長是被,1
12709,柳眼長是被恩,1
12710,眼長是被恩先,1
12711,長是被恩先陰,1
12712,是被恩先陰去,1
12713,被恩先陰去為,1
12714,恩先陰去為膏,1
12715,先陰去為膏澤,1
12716,陰去為膏澤晴,1
12717,去為膏澤晴來,1
12718,為膏澤晴來媚,1
12719,膏澤晴來媚曉,1
12720,澤晴來媚曉空,1
12721,晴來媚曉空無,1
12722,來媚曉空無心,1
12723,媚曉空無心亦,1
12724,曉空無心亦無,1
12725,空無心亦無滯,1
12726,無心亦無滯舒,1
12727,心亦無滯舒卷,1
12728,亦無滯舒卷在,1
12729,無滯舒卷在東,1
12730,滯舒卷在東風,1
12731,舒卷在東風毗,1
12732,卷在東風毗陵,1
12733,在東風毗陵嘉,1
12734,東風毗陵嘉景,1
12735,風毗陵嘉景太,1
12736,毗陵嘉景太湖,1
12737,陵嘉景太湖邊,1
12738,嘉景太湖邊才,1
12739,景太湖邊才子,1
12740,太湖邊才子經,1
12741,湖邊才子經游,1
12742,邊才子經游稱,1
12743,才子經游稱少,1
12744,子經游稱少年,1
12745,經游稱少年風,1
12746,游稱少年風弄,1
12747,稱少年風弄青,1
12748,少年風弄青簾,1
12749,年風弄青簾沽,1
12750,風弄青簾沽酒,1
12751,弄青簾沽酒市,1
12752,青簾沽酒市月,1
12753,簾沽酒市月明,1
12754,沽酒市月明紅,1
12755,酒市月明紅袖,1
12756,市月明紅袖採,1
12757,月明紅袖採蓮,1
12758,明紅袖採蓮船,1
12759,紅袖採蓮船若,1
12760,袖採蓮船若耶,1
12761,採蓮船若耶罨,1
12762,蓮船若耶罨畫,1
12763,船若耶罨畫應,1
12764,若耶罨畫應相,1
12765,耶罨畫應相似,1
12766,罨畫應相似越,1
12767,畫應相似越岫,1
12768,應相似越岫吳,1
12769,相似越岫吳峰,1
12770,似越岫吳峰盡,1
12771,越岫吳峰盡接,1
12772,岫吳峰盡接連,1
12773,吳峰盡接連此,1
12774,峰盡接連此去,1
12775,盡接連此去高,1
12776,接連此去高吟,1
12777,連此去高吟須,1
12778,此去高吟須早,1
12779,去高吟須早返,1
12780,高吟須早返廣,1
12781,吟須早返廣寒,1
12782,須早返廣寒丹,1
12783,早返廣寒丹桂,1
12784,返廣寒丹桂莫,1
12785,廣寒丹桂莫遷,1
12786,寒丹桂莫遷延,1
12787,丹桂莫遷延燕,1
12788,桂莫遷延燕台,1
12789,莫遷延燕台多,1
12790,遷延燕台多事,1
12791,延燕台多事每,1
12792,燕台多事每開,1
12793,台多事每開顏,1
12794,多事每開顏相,1
12795,事每開顏相許,1
12796,每開顏相許論,1
12797,開顏相許論交,1
12798,顏相許論交淡,1
12799,相許論交淡薄,1
12800,許論交淡薄間,1
12801,論交淡薄間飲,1
12802,交淡薄間飲興,1
12803,淡薄間飲興共,1
12804,薄間飲興共憐,1
12805,間飲興共憐芳,1
12806,飲興共憐芳草,1
12807,興共憐芳草岸,1
12808,共憐芳草岸吟,1
12809,憐芳草岸吟情,1
12810,芳草岸吟情同,1
12811,草岸吟情同愛,1
12812,岸吟情同愛夕,1
12813,吟情同愛夕陽,1
12814,情同愛夕陽山,1
12815,同愛夕陽山露,1
12816,愛夕陽山露濃,1
12817,夕陽山露濃小,1
12818,陽山露濃小徑,1
12819,山露濃小徑蛩,1
12820,露濃小徑蛩聲,1
12821,濃小徑蛩聲咽,1
12822,小徑蛩聲咽月,1
12823,徑蛩聲咽月冷,1
12824,蛩聲咽月冷空,1
12825,聲咽月冷空庭,1
12826,咽月冷空庭竹,1
12827,月冷空庭竹影,1
12828,冷空庭竹影閑,1
12829,空庭竹影閑何,1
12830,庭竹影閑何事,1
12831,竹影閑何事此,1
12832,影閑何事此時,1
12833,閑何事此時攀,1
12834,何事此時攀憶,1
12835,事此時攀憶甚,1
12836,此時攀憶甚與,1
12837,時攀憶甚與君,1
12838,攀憶甚與君俱,1
12839,憶甚與君俱是,1
12840,甚與君俱是別,1
12841,與君俱是別鄉,1
12842,君俱是別鄉關,1
12843,俱是別鄉關往,1
12844,是別鄉關往哲,1
12845,別鄉關往哲搜,1
12846,鄉關往哲搜羅,1
12847,關往哲搜羅妙,1
12848,往哲搜羅妙入,1
12849,哲搜羅妙入神,1
12850,搜羅妙入神隋,1
12851,羅妙入神隋珠,1
12852,妙入神隋珠和,1
12853,入神隋珠和璧,1
12854,神隋珠和璧未,1
12855,隋珠和璧未為,1
12856,珠和璧未為珍,1
12857,和璧未為珍而,1
12858,璧未為珍而今,1
12859,未為珍而今所,1
12860,為珍而今所得,1
12861,珍而今所得慚,1
12862,而今所得慚難,1
12863,今所得慚難繼,1
12864,所得慚難繼謬,1
12865,得慚難繼謬向,1
12866,慚難繼謬向平,1
12867,難繼謬向平生,1
12868,繼謬向平生著,1
12869,謬向平生著苦,1
12870,向平生著苦辛,1
12871,平生著苦辛成,1
12872,生著苦辛成僻,1
12873,著苦辛成僻成,1
12874,苦辛成僻成魔,1
12875,辛成僻成魔二,1
12876,成僻成魔二雅,1
12877,僻成魔二雅中,1
12878,成魔二雅中每,1
12879,魔二雅中每逢,1
12880,二雅中每逢知,1
12881,雅中每逢知己,1
12882,中每逢知己是,1
12883,每逢知己是亨,1
12884,逢知己是亨通,1
12885,知己是亨通言,1
12886,己是亨通言之,1
12887,是亨通言之無,1
12888,亨通言之無罪,1
12889,通言之無罪終,1
12890,言之無罪終難,1
12891,之無罪終難厭,1
12892,無罪終難厭欲,1
12893,罪終難厭欲把,1
12894,終難厭欲把風,1
12895,難厭欲把風騷,1
12896,厭欲把風騷繼,1
12897,欲把風騷繼古,1
12898,把風騷繼古風,1
12899,風騷繼古風隨,1
12900,騷繼古風隨緣,1
12901,繼古風隨緣駐,1
12902,古風隨緣駐瓶,1
12903,風隨緣駐瓶錫,1
12904,隨緣駐瓶錫心,1
12905,緣駐瓶錫心已,1
12906,駐瓶錫心已悟,1
12907,瓶錫心已悟無,1
12908,錫心已悟無生,1
12909,心已悟無生默,1
12910,已悟無生默坐,1
12911,悟無生默坐煙,1
12912,無生默坐煙霞,1
12913,生默坐煙霞散,1
12914,默坐煙霞散閑,1
12915,坐煙霞散閑觀,1
12916,煙霞散閑觀水,1
12917,霞散閑觀水月,1
12918,散閑觀水月明,1
12919,閑觀水月明竹,1
12920,觀水月明竹深,1
12921,水月明竹深風,1
12922,月明竹深風倍,1
12923,明竹深風倍冷,1
12924,竹深風倍冷堂,1
12925,深風倍冷堂迥,1
12926,風倍冷堂迥磬,1
12927,倍冷堂迥磬偏,1
12928,冷堂迥磬偏清,1
12929,堂迥磬偏清願,1
12930,迥磬偏清願作,1
12931,磬偏清願作傳,1
12932,偏清願作傳燈,1
12933,清願作傳燈者,1
12934,願作傳燈者忘,1
12935,作傳燈者忘言,1
12936,傳燈者忘言學,1
12937,燈者忘言學淨,1
12938,者忘言學淨名,1
12939,忘言學淨名自,1
12940,言學淨名自別,1
12941,學淨名自別吾,1
12942,淨名自別吾師,1
12943,名自別吾師後,1
12944,自別吾師後風,1
12945,別吾師後風騷,1
12946,吾師後風騷道,1
12947,師後風騷道甚,1
12948,後風騷道甚孤,1
12949,風騷道甚孤雪,1
12950,騷道甚孤雪霜,1
12951,道甚孤雪霜侵,1
12952,甚孤雪霜侵鬢,1
12953,孤雪霜侵鬢髮,1
12954,雪霜侵鬢髮音,1
12955,霜侵鬢髮音信,1
12956,侵鬢髮音信隔,1
12957,鬢髮音信隔江,1
12958,髮音信隔江湖,1
12959,音信隔江湖擾,1
12960,信隔江湖擾擾,1
12961,隔江湖擾擾悲,1
12962,江湖擾擾悲時,1
12963,湖擾擾悲時世,1
12964,擾擾悲時世悠,1
12965,擾悲時世悠悠,1
12966,悲時世悠悠役,1
12967,時世悠悠役夢,1
12968,世悠悠役夢途,1
12969,悠悠役夢途向,1
12970,悠役夢途向公,1
12971,役夢途向公期,1
12972,夢途向公期盡,1
12973,途向公期盡節,1
12974,向公期盡節多,1
12975,公期盡節多病,1
12976,期盡節多病怕,1
12977,盡節多病怕傾,1
12978,節多病怕傾壺,1
12979,多病怕傾壺賤,1
12980,病怕傾壺賤跡,1
12981,怕傾壺賤跡雖,1
12982,傾壺賤跡雖慚,1
12983,壺賤跡雖慚滯,1
12984,賤跡雖慚滯幽,1
12985,跡雖慚滯幽情,1
12986,雖慚滯幽情忍,1
12987,慚滯幽情忍使,1
12988,滯幽情忍使辜,1
12989,幽情忍使辜詩,1
12990,情忍使辜詩成,1
12991,忍使辜詩成天,1
12992,使辜詩成天外,1
12993,辜詩成天外句,1
12994,詩成天外句棋,1
12995,成天外句棋覆,1
12996,天外句棋覆夜,1
12997,外句棋覆夜中,1
12998,句棋覆夜中圖,1
12999,棋覆夜中圖落,1
13000,覆夜中圖落壁,1
13001,夜中圖落壁燈,1
13002,中圖落壁燈花,1
13003,圖落壁燈花碎,1
13004,落壁燈花碎飄,1
13005,壁燈花碎飄窗,1
13006,燈花碎飄窗雪,1
13007,花碎飄窗雪片,1
13008,碎飄窗雪片粗,1
13009,飄窗雪片粗煮,1
13010,窗雪片粗煮茶,1
13011,雪片粗煮茶燒,1
13012,片粗煮茶燒栗,1
13013,粗煮茶燒栗興,1
13014,煮茶燒栗興早,1
13015,茶燒栗興早晚,1
13016,燒栗興早晚複,1
13017,栗興早晚複圍,1
13018,興早晚複圍爐,1
13019,早晚複圍爐運,1
13020,晚複圍爐運葉,1
13021,複圍爐運葉半,1
13022,圍爐運葉半千,1
13023,爐運葉半千數,1
13024,運葉半千數天,1
13025,葉半千數天鐘,1
13026,半千數天鐘許,1
13027,千數天鐘許國,1
13028,數天鐘許國臣,1
13029,天鐘許國臣鵬,1
13030,鐘許國臣鵬霄,1
13031,許國臣鵬霄開,1
13032,國臣鵬霄開羽,1
13033,臣鵬霄開羽翼,1
13034,鵬霄開羽翼鳳,1
13035,霄開羽翼鳳闕,1
13036,開羽翼鳳闕演,1
13037,羽翼鳳闕演絲,1
13038,翼鳳闕演絲綸,1
13039,鳳闕演絲綸顧,1
13040,闕演絲綸顧問,1
13041,演絲綸顧問當,1
13042,絲綸顧問當清,1
13043,綸顧問當清夜,1
13044,顧問當清夜從,1
13045,問當清夜從容,1
13046,當清夜從容向,1
13047,清夜從容向紫,1
13048,夜從容向紫宸,1
13049,從容向紫宸立,1
13050,容向紫宸立言,1
13051,向紫宸立言成,1
13052,紫宸立言成雅,1
13053,宸立言成雅誥,1
13054,立言成雅誥正,1
13055,言成雅誥正意,1
13056,成雅誥正意敘,1
13057,雅誥正意敘彝,1
13058,誥正意敘彝倫,1
13059,正意敘彝倫樸,1
13060,意敘彝倫樸素,1
13061,敘彝倫樸素偕,1
13062,彝倫樸素偕前,1
13063,倫樸素偕前哲,1
13064,樸素偕前哲馨,1
13065,素偕前哲馨香,1
13066,偕前哲馨香越,1
13067,前哲馨香越搢,1
13068,哲馨香越搢紳,1
13069,馨香越搢紳褒,1
13070,香越搢紳褒辭,1
13071,越搢紳褒辭光,1
13072,搢紳褒辭光萬,1
13073,紳褒辭光萬代,1
13074,褒辭光萬代優,1
13075,辭光萬代優旨,1
13076,光萬代優旨重,1
13077,萬代優旨重千,1
13078,代優旨重千鈞,1
13079,優旨重千鈞公,1
13080,旨重千鈞公退,1
13081,重千鈞公退誰,1
13082,千鈞公退誰堪,1
13083,鈞公退誰堪接,1
13084,公退誰堪接清,1
13085,退誰堪接清閒,1
13086,誰堪接清閒道,1
13087,堪接清閒道是,1
13088,接清閒道是鄰,1
13089,清閒道是鄰世,1
13090,閒道是鄰世間,1
13091,道是鄰世間身,1
13092,是鄰世間身屬,1
13093,鄰世間身屬幻,1
13094,世間身屬幻物,1
13095,間身屬幻物外,1
13096,身屬幻物外意,1
13097,屬幻物外意通,1
13098,幻物外意通津,1
13099,物外意通津吊,1
13100,外意通津吊往,1
13101,意通津吊往兼,1
13102,通津吊往兼春,1
13103,津吊往兼春夢,1
13104,吊往兼春夢文,1
13105,往兼春夢文高,1
13106,兼春夢文高賦,1
13107,春夢文高賦複,1
13108,夢文高賦複新,1
13109,文高賦複新琴,1
13110,高賦複新琴彈,1
13111,賦複新琴彈三,1
13112,複新琴彈三峽,1
13113,新琴彈三峽水,1
13114,琴彈三峽水屏,1
13115,彈三峽水屏畫,1
13116,三峽水屏畫十,1
13117,峽水屏畫十洲,1
13118,水屏畫十洲春,1
13119,屏畫十洲春庭,1
13120,畫十洲春庭冷,1
13121,十洲春庭冷鋪,1
13122,洲春庭冷鋪苔,1
13123,春庭冷鋪苔色,1
13124,庭冷鋪苔色池,1
13125,冷鋪苔色池寒,1
13126,鋪苔色池寒浸,1
13127,苔色池寒浸月,1
13128,色池寒浸月輪,1
13129,池寒浸月輪竹,1
13130,寒浸月輪竹風,1
13131,浸月輪竹風來,1
13132,月輪竹風來枕,1
13133,輪竹風來枕簟,1
13134,竹風來枕簟藥,1
13135,風來枕簟藥氣,1
13136,來枕簟藥氣上,1
13137,枕簟藥氣上衣,1
13138,簟藥氣上衣巾,1
13139,藥氣上衣巾茶,1
13140,氣上衣巾茶譜,1
13141,上衣巾茶譜傳,1
13142,衣巾茶譜傳溪,1
13143,巾茶譜傳溪叟,1
13144,茶譜傳溪叟棋,1
13145,譜傳溪叟棋經,1
13146,傳溪叟棋經受,1
13147,溪叟棋經受羽,1
13148,叟棋經受羽人,1
13149,棋經受羽人清,1
13150,經受羽人清虛,1
13151,受羽人清虛雖,1
13152,羽人清虛雖得,1
13153,人清虛雖得趣,1
13154,清虛雖得趣獻,1
13155,虛雖得趣獻替,1
13156,雖得趣獻替不,1
13157,得趣獻替不妨,1
13158,趣獻替不妨陳,1
13159,獻替不妨陳杞,1
13160,替不妨陳杞梓,1
13161,不妨陳杞梓呈,1
13162,妨陳杞梓呈才,1
13163,陳杞梓呈才後,1
13164,杞梓呈才後神,1
13165,梓呈才後神仙,1
13166,呈才後神仙入,1
13167,才後神仙入侍,1
13168,後神仙入侍頻,1
13169,神仙入侍頻孤,1
13170,仙入侍頻孤寒,1
13171,入侍頻孤寒皆,1
13172,侍頻孤寒皆有,1
13173,頻孤寒皆有賴,1
13174,孤寒皆有賴中,1
13175,寒皆有賴中外,1
13176,皆有賴中外亦,1
13177,有賴中外亦同,1
13178,賴中外亦同忻,1
13179,中外亦同忻有,1
13180,外亦同忻有士,1
13181,亦同忻有士曾,1
13182,同忻有士曾多,1
13183,忻有士曾多難,1
13184,有士曾多難無,1
13185,士曾多難無門,1
13186,曾多難無門得,1
13187,多難無門得望,1
13188,難無門得望塵,1
13189,無門得望塵忙,1
13190,門得望塵忙忙,1
13191,得望塵忙忙罹,1
13192,望塵忙忙罹險,1
13193,塵忙忙罹險阻,1
13194,忙忙罹險阻往,1
13195,忙罹險阻往往,1
13196,罹險阻往往耗,1
13197,險阻往往耗精,1
13198,阻往往耗精神,1
13199,往往耗精神尋,1
13200,往耗精神尋果,1
13201,耗精神尋果巢,1
13202,精神尋果巢枝,1
13203,神尋果巢枝願,1
13204,尋果巢枝願終,1
13205,果巢枝願終全,1
13206,巢枝願終全負,1
13207,枝願終全負米,1
13208,願終全負米身,1
13209,終全負米身遭,1
13210,全負米身遭逢,1
13211,負米身遭逢敦,1
13212,米身遭逢敦孝,1
13213,身遭逢敦孝治,1
13214,遭逢敦孝治蹇,1
13215,逢敦孝治蹇塞,1
13216,敦孝治蹇塞值,1
13217,孝治蹇塞值通,1
13218,治蹇塞值通津,1
13219,蹇塞值通津最,1
13220,塞值通津最慶,1
13221,值通津最慶清,1
13222,通津最慶清朝,1
13223,津最慶清朝祿,1
13224,最慶清朝祿還,1
13225,慶清朝祿還沾,1
13226,清朝祿還沾白,1
13227,朝祿還沾白髮,1
13228,祿還沾白髮親,1
13229,還沾白髮親甘,1
13230,沾白髮親甘柔,1
13231,白髮親甘柔心,1
13232,髮親甘柔心既,1
13233,親甘柔心既遂,1
13234,甘柔心既遂虛,1
13235,柔心既遂虛薄,1
13236,心既遂虛薄報,1
13237,既遂虛薄報何,1
13238,遂虛薄報何因,1
13239,虛薄報何因遠,1
13240,薄報何因遠宦,1
13241,報何因遠宦聯,1
13242,何因遠宦聯綿,1
13243,因遠宦聯綿曆,1
13244,遠宦聯綿曆卑,1
13245,宦聯綿曆卑棲,1
13246,聯綿曆卑棲夙,1
13247,綿曆卑棲夙夜,1
13248,曆卑棲夙夜勤,1
13249,卑棲夙夜勤良,1
13250,棲夙夜勤良時,1
13251,夙夜勤良時空,1
13252,夜勤良時空愛,1
13253,勤良時空愛惜,1
13254,良時空愛惜末,1
13255,時空愛惜末路,1
13256,空愛惜末路每,1
13257,愛惜末路每悲,1
13258,惜末路每悲辛,1
13259,末路每悲辛骨,1
13260,路每悲辛骨立,1
13261,每悲辛骨立駒,1
13262,悲辛骨立駒猶,1
13263,辛骨立駒猶病,1
13264,骨立駒猶病顏,1
13265,立駒猶病顏凋,1
13266,駒猶病顏凋女,1
13267,猶病顏凋女尚,1
13268,病顏凋女尚貧,1
13269,顏凋女尚貧而,1
13270,凋女尚貧而今,1
13271,女尚貧而今諧,1
13272,尚貧而今諧顧,1
13273,貧而今諧顧遇,1
13274,而今諧顧遇尺,1
13275,今諧顧遇尺蠖,1
13276,諧顧遇尺蠖願,1
13277,顧遇尺蠖願求,1
13278,遇尺蠖願求伸,1
